1.989e30
-6.049466798658325E-03 6.461129600965692E-03 8.718917629148611E-05
-7.334199299410873E-06 -5.021934349296258E-06 2.188754419229865E-07

5.972e24
9.595746309413739E-01 2.631689457331904E-01 7.240061632353828E-05
-4.701392831121249E-03 1.655634530951795E-02 -1.152757846840517E-06

1.898e27
2.504937392196067E+00 -4.461327582636304E+00 -3.753558025634939E-02
6.485579150794734E-03 4.052421715690782E-03 -1.619507909290367E-04

5.683e26
5.108205900950103E+00 -8.586489985150672E+00 -5.406451432311900E-02
4.484363829052398E-03 2.837371726481273E-03 -2.276593212167927E-04

4.867e24
-6.176382501507244E-02 7.235875599115439E-01 1.314335688918440E-02
-2.024192907381037E-02 -1.681394406406754E-03 1.144875499799754E-03

6.39e23
1.341845836259798E+00 4.230422121518114E-01 -2.424872952540338E-02
-3.603322656652232E-03 1.455970398876663E-02 3.936547212942959E-04

3.285e23
2.797224146866406E-01 -2.956593567588122E-01 -5.081500822339307E-02
1.484850658764182E-02 2.066722289330218E-02 3.267111712884410E-04

8.681e25
1.555453380097740E+01 1.222201104898080E+01 -1.561182263715593E-01
-2.459070032400697E-03 2.909374273040482E-03 4.259666974709049E-05

1.024e26
2.940785369287171E+01 -5.489915736735846E+00 -5.646796562912776E-01
5.555621418389313E-04 3.104308353370104E-03 -7.712334395554123E-05

1.3090e22
1.380411346357033E+01 -3.120399516228241E+01 -6.539583629677581E-01
2.939616676651428E-03 6.013783079507115E-04 -9.025590826127116E-04
