      2.0000000     -1.7447332    -0.90791416     0.98440481      2.2293896     0.90793093
      2.0050000     -1.7434916    -0.91042760     0.72493945     0.40518958     0.91042760
      2.0100000     -1.7388150    -0.90835964     0.73339958     0.39229988     0.90835964
      2.0150000     -1.7346119    -0.90581017     0.74776925     0.46502255     0.90581017
      2.0200000     -1.7299000    -0.90359540     0.77900746     0.48946713     0.90359540
      2.0250000     -1.7282507    -0.90380938     0.74760966     0.40980414     0.90380938
      2.0300000     -1.7211674    -0.89916081     0.81503888     0.56051827     0.89916081
      2.0350000     -1.7192343    -0.89910924     0.79669679     0.52549153     0.89910924
      2.0400000     -1.7147634    -0.89612251     0.81836366     0.56907826     0.89612251
      2.0450000     -1.7105084    -0.89436583     0.81344437     0.55983280     0.89436583
      2.0500000     -1.7066158    -0.89244786     0.82104637     0.56691259     0.89244786
      2.0550000     -1.7021030    -0.89027221     0.81887704     0.59668065     0.89027221
      2.0600000     -1.6999250    -0.88951050     0.84822126     0.61054300     0.88951050
      2.0650000     -1.6957999    -0.88786993     0.86711540     0.60958519     0.88786993
      2.0700000     -1.6909125    -0.88452792     0.87998967     0.67588536     0.88452792
      2.0750000     -1.6845510    -0.88043624     0.89325297     0.80997414     0.88043624
      2.0800000     -1.6803147    -0.87855994     0.91459970     0.81984530     0.87855994
      2.0850000     -1.6755721    -0.87570957     0.91588361     0.87121831     0.87570957
      2.0900000     -1.6718237    -0.87463989     0.91273531     0.77415557     0.87463989
      2.0950000     -1.6673863    -0.87170370     0.94909997     0.86967955     0.87170370
      2.1000000     -1.6601632    -0.86729239     0.99204787      1.0505021     0.86729239
      2.1050000     -1.6564117    -0.86461686      1.0056700      1.1976043     0.86461686
      2.1100000     -1.6529484    -0.86395803     0.97964157     0.95784651     0.86395803
      2.1150000     -1.6470499    -0.86028119      1.0347031      1.1236335     0.86028119
      2.1200000     -1.6402230    -0.85375880      1.0423853      1.5531511     0.85375880
      2.1250000     -1.6369445    -0.85470138      1.0030883      1.1529905     0.85470138
      2.1300000     -1.6321397    -0.85116219      1.0210601      1.1994966     0.85116219
      2.1350000     -1.6269845    -0.84825894      1.0850567      1.4172249     0.84825894
      2.1400000     -1.6228546    -0.84557657      1.0775248      1.3414397     0.84557657
      2.1450000     -1.6126938    -0.83789917      1.1175440      1.4391927     0.83789917
      2.1500000     -1.6097069    -0.83608913      1.1202151      1.5846097     0.83608913
      2.1550000     -1.6048746    -0.83509909      1.1338187      1.5285936     0.83509909
      2.1600000     -1.5972960    -0.82380818      1.2449440      2.4463481     0.82380818
      2.1650000     -1.5933807    -0.82643931      1.1712184      1.8253039     0.82643931
      2.1700000     -1.5868451    -0.81959080      1.2816305      2.4116368     0.81959080
      2.1750000     -1.5778195    -0.81372862      1.2754060      2.3044464     0.81372862
      2.1800000     -1.5708544    -0.80295083      1.3287765      3.9203775     0.80295083
      2.1850000     -1.5729638    -0.81434947      1.1363272      1.7695319     0.81434947
      2.1900000     -1.5631532    -0.80234186      1.2903144      2.8419811     0.80234186
      2.1950000     -1.5461545    -0.77751410      1.5232668      5.8526317     0.77751410
      2.2000000     -1.5402185    -0.76033138      1.6230328      16.733029     0.76368901
      2.2050000     -1.5399823    -0.77853435      1.4717444      5.3988095     0.77853435
      2.2100000     -1.5333099    -0.77400669      1.4231395      4.4998031     0.77400669
      2.2150000     -1.5223866    -0.76103948      1.4704377      5.5402455     0.76103948
      2.2200000     -1.5123514    -0.73447126      1.7650355      13.415584     0.73452050
      2.2250000     -1.5135660    -0.76314246      1.4222364      4.1265893     0.76314246
      2.2300000     -1.5061902    -0.74935280      1.5075622      6.5411777     0.74935280
      2.2350000     -1.4980068    -0.74678650      1.3977171      4.1274222     0.74678650
      2.2400000     -1.4898899    -0.72802001      1.7093405      9.0243889     0.72802001
      2.2450000     -1.4726949    -0.70413021      1.7200570      10.032669     0.70413021
      2.2500000     -1.4555453    -0.28668692      1.8665058      272.81367     0.66285102
      2.2550000     -1.4541888    -0.67361140      1.8231544      16.194044     0.67692701
      2.2600000     -1.4492189    -0.67292967      1.8360980      12.983468     0.67292967
      2.2650000     -1.4440875    -0.67120333      1.8463871      14.323709     0.67163489
      2.2700000     -1.4281225    0.024729601      2.0795776      296.48229     0.61547129
      2.2750000     -1.4248366     0.13275947      2.0664764      291.78031     0.63000604
      2.2800000     -1.4115071    -0.24237766      1.8590584      251.33478     0.62887466
      2.2850000     -1.4017102   -0.064455584      1.9876638      271.71889     0.59897680
      2.2900000     -1.3997196    -0.44550972      2.0399958      140.27448     0.60693666
      2.2950000     -1.3808043    -0.30085870      1.8332466      178.86705     0.55983090
      2.3000000     -1.3654823    0.026238050      2.1749531      221.40145     0.51949129
