      2.0000000     -1.7199987    -0.74659659      3.1072597      231.48072     0.77534742
      2.0050000     -1.7421675    -0.90995321     0.73192696     0.37830962     0.90995321
      2.0100000     -1.7384678    -0.90803651     0.73963000     0.41236710     0.90803651
      2.0150000     -1.7345310    -0.90665375     0.76568810     0.41266479     0.90665375
      2.0200000     -1.7311771    -0.90470541     0.75273058     0.43713091     0.90470541
      2.0250000     -1.7263966    -0.90219638     0.79700684     0.47112111     0.90219638
      2.0300000     -1.7227792    -0.90072630     0.79782548     0.47849698     0.90072630
      2.0350000     -1.7177118    -0.89764805     0.80352804     0.56166668     0.89764805
      2.0400000     -1.7159419    -0.89758912     0.79005509     0.48482393     0.89758912
      2.0450000     -1.7114792    -0.89553851     0.80008074     0.50364746     0.89553851
      2.0500000     -1.7065771    -0.89265861     0.81533214     0.56360985     0.89265861
      2.0550000     -1.7034536    -0.89137181     0.84720642     0.68952883     0.89137181
      2.0600000     -1.6976618    -0.88825495     0.84566072     0.59130717     0.88825495
      2.0650000     -1.6931231    -0.88624629     0.86787507     0.64796062     0.88624629
      2.0700000     -1.6886658    -0.88331329     0.89715930     0.67271232     0.88331329
      2.0750000     -1.6857858    -0.88226296     0.86362362     0.67639962     0.88226296
      2.0800000     -1.6808893    -0.87959382     0.90756794     0.69722085     0.87959382
      2.0850000     -1.6761553    -0.87656967     0.89793447     0.75980086     0.87656967
      2.0900000     -1.6704277    -0.87324288     0.95466958     0.84698710     0.87324288
      2.0950000     -1.6678282    -0.87309757     0.92492423     0.76199091     0.87309757
      2.1000000     -1.6626557    -0.86962688     0.96286599     0.89245650     0.86962688
      2.1050000     -1.6563956    -0.86535420      1.0197022      1.0586844     0.86535420
      2.1100000     -1.6524385    -0.86355979      1.0499609      1.0574278     0.86355979
      2.1150000     -1.6469114    -0.85958791      1.0087796      1.1247207     0.85958791
      2.1200000     -1.6416735    -0.85499231      1.0430038      1.4777408     0.85499231
      2.1250000     -1.6379785    -0.85523206      1.0372927      1.1754824     0.85523206
      2.1300000     -1.6301970    -0.84790376      1.0908499      1.5239066     0.84790376
      2.1350000     -1.6283076    -0.85046828      1.0442334      1.1119399     0.85046828
      2.1400000     -1.6216950    -0.84449287      1.1112666      1.3833377     0.84449287
      2.1450000     -1.6126084    -0.83483831      1.1151981      2.0057095     0.83483831
      2.1500000     -1.6117153    -0.83909166      1.0916669      1.3776199     0.83909166
      2.1550000     -1.6065026    -0.83521068      1.1570598      1.5167385     0.83521068
      2.1600000     -1.6001788    -0.83157814      1.1741020      1.5547164     0.83157814
      2.1650000     -1.5921567    -0.82220554      1.2834984      2.4421754     0.82220554
      2.1700000     -1.5863525    -0.81909158      1.2218666      1.9448615     0.81909158
      2.1750000     -1.5784075    -0.81202519      1.2901325      2.6244963     0.81202519
      2.1800000     -1.5756258    -0.81172595      1.3198748      2.5726217     0.81172595
      2.1850000     -1.5699231    -0.80642454      1.2512119      2.8297126     0.80642454
      2.1900000     -1.5617799    -0.80076039      1.2333795      2.6475958     0.80076039
      2.1950000     -1.5493681    -0.78327756      1.4332230      5.1783093     0.78327756
      2.2000000     -1.5505076    -0.79258799      1.3743641      3.4645839     0.79258799
      2.2050000     -1.5222069     0.30248557      2.3722993      736.96792     0.71722558
      2.2100000     -1.5381430     0.78334193      1.3029356      2.9848396     0.78334193
      2.2150000     -1.5056715     0.68625694      2.6417820      63.189418     0.68922086
      2.2200000     -1.5171306     0.75448981      1.4429560      6.2934118     0.75448981
      2.2250000     -1.5179856     0.76694103      1.4128991      3.7172487     0.76694103
      2.2300000     -1.5035200     0.74432581      1.6207518      6.8625777     0.74432581
      2.2350000     -1.4931913     0.73011753      1.7313376      8.2384079     0.73011753
      2.2400000     -1.4834693     0.71649667      1.7144831      11.790919     0.71649667
      2.2450000     -1.4651213     0.42920901      1.9696417      450.90961     0.66670301
      2.2500000     -1.4582233    -0.67052284      1.8638849      15.986350     0.67052284
      2.2550000     -1.4541423    -0.67192456      1.8304771      14.719557     0.67192456
      2.2600000     -1.4480080    -0.67625809      1.7902345      11.723298     0.67625809
      2.2650000     -1.4376763    -0.65346072      1.8991883      16.185413     0.65346072
      2.2700000     -1.4272082    -0.62291867      2.1342679      28.451726     0.62291867
      2.2750000     -1.4166625     0.16249104      1.9117785      588.15032     0.61601784
      2.2800000     -1.3982227     0.52761893      2.3341432      78.725016     0.54166113
      2.2850000     -1.3940058     0.52864659      2.2720968      71.655766     0.53337947
      2.2900000     -1.3728534     0.14814135      1.9566368      391.70719     0.49472326
      2.2950000     -1.3651576    -0.14155107      2.3788950      369.86273     0.46049104
      2.3000000     -1.3555025     0.33939987      2.0629314      191.83791     0.44066025
