      2.0000000     -1.7133743    -0.68722650      4.9706739      340.40729     0.68722673
      2.0050000     -1.7425110    -0.91005165     0.72196770     0.37507556     0.91005165
      2.0100000     -1.7393588    -0.90867621     0.72290872     0.37435385     0.90867621
      2.0150000     -1.7346479    -0.90617158     0.73404895     0.44545476     0.90617158
      2.0200000     -1.7309756    -0.90433327     0.78310356     0.45857979     0.90433327
      2.0250000     -1.7259258    -0.90225253     0.77413909     0.44709540     0.90225253
      2.0300000     -1.7227480    -0.90066583     0.77701677     0.47269834     0.90066583
      2.0350000     -1.7184706    -0.89808290     0.81107004     0.54407197     0.89808290
      2.0400000     -1.7144792    -0.89663930     0.79647601     0.50045971     0.89663930
      2.0450000     -1.7113677    -0.89571857     0.78894161     0.48958235     0.89571857
      2.0500000     -1.7070024    -0.89341775     0.79322441     0.50949965     0.89341775
      2.0550000     -1.7022281    -0.89085260     0.83897847     0.55452929     0.89085260
      2.0600000     -1.6977071    -0.88765609     0.88460970     0.71460702     0.88765609
      2.0650000     -1.6940970    -0.88635240     0.85353860     0.62045931     0.88635240
      2.0700000     -1.6890534    -0.88310594     0.87066021     0.72691670     0.88310594
      2.0750000     -1.6849770    -0.88103881     0.89684394     0.77533399     0.88103881
      2.0800000     -1.6798578    -0.87837726     0.89579243     0.72159563     0.87837726
      2.0850000     -1.6764975    -0.87679711     0.93787533     0.87481086     0.87679711
      2.0900000     -1.6715520    -0.87458134     0.93385055     0.84251457     0.87458134
      2.0950000     -1.6663154    -0.87082750     0.99077426     0.99338045     0.87082750
      2.1000000     -1.6623885    -0.86945778     0.93105498     0.85868071     0.86945778
      2.1050000     -1.6564381    -0.86553147     0.98853204      1.0005305     0.86553147
      2.1100000     -1.6505773    -0.86055978      1.0822613      1.3335100     0.86055978
      2.1150000     -1.6486682    -0.86184222     0.98899193     0.98367480     0.86184222
      2.1200000     -1.6428602    -0.85799755      1.0360121      1.1808780     0.85799755
      2.1250000     -1.6371413    -0.85471339      1.0208239      1.1333431     0.85471339
      2.1300000     -1.6299215    -0.84716680      1.1242495      1.6476561     0.84716680
      2.1350000     -1.6260944    -0.84748455      1.0580080      1.1738075     0.84748455
      2.1400000     -1.6193605    -0.84106276      1.1287342      1.6775667     0.84106276
      2.1450000     -1.6138253    -0.83604751      1.2471898      2.9057695     0.83604751
      2.1500000     -1.6091183    -0.83468340      1.1557992      1.8297977     0.83468340
      2.1550000     -1.6049690    -0.83418427      1.0872078      1.4307892     0.83418427
      2.1600000     -1.5997275    -0.83119750      1.0736493      1.4949462     0.83119750
      2.1650000     -1.5914618    -0.82169318      1.2002291      2.2468047     0.82169318
      2.1700000     -1.5870404    -0.82069355      1.1714349      2.3128153     0.82069355
      2.1750000     -1.5801362    -0.81537546      1.2108505      2.2392137     0.81537546
      2.1800000     -1.5754933    -0.81394676      1.2344833      2.0359110     0.81394676
      2.1850000     -1.5638513    -0.79960812      1.2731804      3.2166839     0.79960812
      2.1900000     -1.5596767    -0.79669324      1.3767954      4.0337492     0.79669324
      2.1950000     -1.5530944    -0.79290127      1.3556771      3.2223251     0.79290127
      2.2000000     -1.5478381    -0.78794736      1.3485861      3.4688467     0.78794736
      2.2050000     -1.5417457    -0.78126883      1.5516830      6.1601372     0.78126883
      2.2100000     -1.5296644    -0.76580001      1.4179492      6.5345849     0.76580001
      2.2150000     -1.5252409    -0.76772844      1.4383245      4.3401762     0.76772844
      2.2200000     -1.5105214    -0.73288278      1.7133168      15.020395     0.73288278
      2.2250000     -1.5090811    -0.74725164      1.5705041      7.5881351     0.74725164
      2.2300000     -1.5036645    -0.74686944      1.5508097      5.6857084     0.74686944
      2.2350000     -1.4917052    -0.72065848      1.7757227      15.423841     0.72065848
      2.2400000     -1.4883467    -0.72981641      1.7194880      8.8484063     0.72981641
      2.2450000     -1.4803035    -0.71995328      1.7330620      8.7719155     0.71995328
      2.2500000     -1.4633775    -0.68264744      1.8295704      16.276830     0.68264744
      2.2550000     -1.4503835    -0.65174982      1.6908583      21.746375     0.65174982
      2.2600000     -1.4511762    -0.67376987      1.8603826      16.369823     0.67376987
      2.2650000     -1.4275721    -0.60186387      1.7406445      29.251193     0.60186387
      2.2700000     -1.3995384    -0.40560556      2.4736905      176.55355     0.41924725
      2.2750000     -1.4118053     0.56580444      2.3543770      53.812905     0.56580444
      2.2800000     -1.3922174     0.45780917      1.9601334      156.74377     0.47020467
      2.2850000     -1.3784212    -0.29075520      2.3435929      390.75564     0.42448098
      2.2900000     -1.3722444    0.072232370      2.2346418      655.75050     0.44994047
      2.2950000     -1.3637310    -0.45184107      2.0977062      73.039853     0.45186137
      2.3000000     -1.3507494    -0.37650659      2.0689485      127.87927     0.38622392
