      2.0000000     -1.6860743     0.25942788      4.9175011      862.31455     0.36416099
      2.0050000     -1.7412202     0.90908251     0.74701400     0.42362422     0.90908251
      2.0100000     -1.7385972     0.90834241     0.71315726     0.36948314     0.90834241
      2.0150000     -1.7342629     0.90610390     0.74201260     0.39933508     0.90610390
      2.0200000     -1.7306437     0.90432068     0.77296988     0.46518887     0.90432068
      2.0250000     -1.7273293     0.90322982     0.74280588     0.42001302     0.90322982
      2.0300000     -1.7232427     0.90109682     0.78242589     0.47228351     0.90109682
      2.0350000     -1.7193979     0.89871125     0.81381276     0.54199527     0.89871125
      2.0400000     -1.7149812     0.89676457     0.81875570     0.52609292     0.89676457
      2.0450000     -1.7107893     0.89495902     0.82449251     0.55424570     0.89495902
      2.0500000     -1.7067853     0.89307201     0.84334545     0.55595802     0.89307201
      2.0550000     -1.7026133     0.89085549     0.80145991     0.56114525     0.89085549
      2.0600000     -1.6969394     0.88731827     0.81272556     0.61905256     0.88731827
      2.0650000     -1.6949737     0.88707765     0.86215236     0.68436808     0.88707765
      2.0700000     -1.6898687     0.88406669     0.86534502     0.69637559     0.88406669
      2.0750000     -1.6849098     0.88125497     0.93354855     0.73673355     0.88125497
      2.0800000     -1.6787699     0.87674709     0.93442075     0.89038890     0.87674709
      2.0850000     -1.6767401     0.87714243     0.91708845     0.78043644     0.87714243
      2.0900000     -1.6718658     0.87419915     0.92962442     0.83442027     0.87419915
      2.0950000     -1.6671246     0.87210113     0.89005412     0.75160421     0.87210113
      2.1000000     -1.6630147     0.86975465     0.96263792     0.86531193     0.86975465
      2.1050000     -1.6578198     0.86734345     0.94570613     0.80631495     0.86734345
      2.1100000     -1.6508739     0.86105218      1.0496563      1.2877114     0.86105218
      2.1150000     -1.6470727     0.85947724      1.0485635      1.1969987     0.85947724
      2.1200000     -1.6421379     0.85643957      1.0467873      1.2667921     0.85643957
      2.1250000     -1.6368605     0.85223380      1.0766231      1.4499462     0.85223380
      2.1300000     -1.6313645     0.85014208      1.0569883      1.2613458     0.85014208
      2.1350000     -1.6259691     0.84568250      1.0690582      1.4707038     0.84568250
      2.1400000     -1.6196447     0.84202217      1.0656586      1.6506187     0.84202217
      2.1450000     -1.6150246     0.83887811      1.0999708      1.6783668     0.83887811
      2.1500000     -1.6073895     0.83180527      1.1520901      2.2812261     0.83180527
      2.1550000     -1.6005862     0.82647766      1.1949919      2.1560098     0.82647766
      2.1600000     -1.6019096     0.83273662      1.1206964      1.5388959     0.83273662
      2.1650000     -1.5904204     0.82045799      1.2656232      2.4225278     0.82045799
      2.1700000     -1.5897589     0.82439543      1.1375825      1.7374905     0.82439543
      2.1750000     -1.5798013     0.81342975      1.2906542      2.9127194     0.81342975
      2.1800000     -1.5718129     0.80520663      1.2964281      3.3462138     0.80520663
      2.1850000     -1.5669032     0.80269795      1.2882469      2.5454306     0.80269795
      2.1900000     -1.5641307     0.80500862      1.2611183      2.2454696     0.80500862
      2.1950000     -1.5528381     0.79030077      1.3681934      3.7595166     0.79030077
      2.2000000     -1.5444961     0.77998028      1.4199579      5.0404571     0.77998028
      2.2050000     -1.5394371     0.77840269      1.3757102      4.7632056     0.77840269
      2.2100000     -1.5341659     0.77714637      1.4256292      3.5191904     0.77714637
      2.2150000     -1.5251252     0.76493874      1.4901113      5.7399951     0.76493874
      2.2200000     -1.5168665     0.75706280      1.5251275      5.3409720     0.75706280
      2.2250000     -1.5036409     0.71986762      1.8553689      23.498769     0.71986762
      2.2300000     -1.4990202     0.72649739      1.7617441      12.714394     0.72649739
      2.2350000     -1.4960772     0.73416434      1.6143284      8.3480675     0.73416434
      2.2400000     -1.4733651     0.69036132      1.8191430      17.113327     0.69036132
      2.2450000     -1.4705872     0.68193761      1.7377762      16.605425     0.68193761
      2.2500000     -1.4715186     0.70805815      1.7272124      10.560138     0.70805815
      2.2550000     -1.4563030     0.67194554      2.0538455      24.932261     0.67194554
      2.2600000     -1.4484974     0.65502033      1.8018115      23.376160     0.65502033
      2.2650000     -1.4279256     0.31030072      2.7271430      1107.8448     0.55872606
      2.2700000     -1.4215779    -0.59576035      2.2824244      41.794910     0.59576035
      2.2750000     -1.4165330    -0.60173890      1.6907577      22.491311     0.60173890
      2.2800000     -1.3822953     0.20573009      2.5623259      733.74710     0.40926482
      2.2850000     -1.3745656     0.38978321      2.6296303      203.26308     0.39038376
      2.2900000     -1.3686413    0.072404167      1.7148372      607.50239     0.33221930
      2.2950000     -1.3543717    -0.28931399      2.0753003      222.83938     0.31086455
      2.3000000     -1.3398651     0.16484629      1.8817629      265.49724     0.23428567
