0.999997, 0, 0
0.999819, 0.0188495, 0
0.999286, 0.0376923, 0
0.998399, 0.0565217, 0
0.997156, 0.075331, 0
0.995559, 0.0941136, 0
0.993608, 0.112863, 0
0.991304, 0.131572, 0
0.988648, 0.150234, 0
0.985641, 0.168843, 0
0.982284, 0.187392, 0
0.978577, 0.205874, 0
0.974523, 0.224283, 0
0.970123, 0.242613, 0
0.965378, 0.260856, 0
0.96029, 0.279007, 0
0.95486, 0.297058, 0
0.949092, 0.315004, 0
0.942986, 0.332838, 0
0.936545, 0.350554, 0
0.929772, 0.368145, 0
0.922668, 0.385605, 0
0.915236, 0.402929, 0
0.907479, 0.420109, 0
0.8994, 0.43714, 0
0.891001, 0.454016, 0
0.882285, 0.47073, 0
0.873256, 0.487277, 0
0.863917, 0.503651, 0
0.854271, 0.519846, 0
0.844321, 0.535856, 0
0.834072, 0.551676, 0
0.823526, 0.5673, 0
0.812687, 0.582723, 0
0.80156, 0.597938, 0
0.790148, 0.612941, 0
0.778455, 0.627726, 0
0.766486, 0.642288, 0
0.754244, 0.656622, 0
0.741734, 0.670723, 0
0.728961, 0.684585, 0
0.715929, 0.698204, 0
0.702642, 0.711575, 0
0.689106, 0.724693, 0
0.675325, 0.737554, 0
0.661304, 0.750153, 0
0.647048, 0.762485, 0
0.632562, 0.774546, 0
0.617852, 0.786332, 0
0.602922, 0.797839, 0
0.587778, 0.809063, 0
0.572425, 0.819998, 0
0.556868, 0.830643, 0
0.541114, 0.840992, 0
0.525168, 0.851043, 0
0.509034, 0.860792, 0
0.492721, 0.870234, 0
0.476232, 0.879368, 0
0.459574, 0.888189, 0
0.442752, 0.896694, 0
0.425774, 0.904881, 0
0.408644, 0.912746, 0
0.391368, 0.920288, 0
0.373954, 0.927502, 0
0.356407, 0.934387, 0
0.338734, 0.940939, 0
0.32094, 0.947158, 0
0.303032, 0.95304, 0
0.285016, 0.958584, 0
0.266899, 0.963787, 0
0.248688, 0.968647, 0
0.230388, 0.973164, 0
0.212006, 0.977334, 0
0.193549, 0.981158, 0
0.175023, 0.984633, 0
0.156435, 0.987759, 0
0.137791, 0.990533, 0
0.119099, 0.992956, 0
0.100364, 0.995025, 0
0.0815932, 0.996742, 0
0.0627936, 0.998104, 0
0.0439718, 0.999112, 0
0.0251343, 0.999765, 0
0.00628793, 1.00006, 0
-0.0125607, 1, 0
-0.0314049, 0.999592, 0
-0.0502379, 0.998824, 0
-0.069053, 0.997702, 0
-0.0878437, 0.996225, 0
-0.106603, 0.994394, 0
-0.125325, 0.99221, 0
-0.144002, 0.989674, 0
-0.162628, 0.986786, 0
-0.181196, 0.983547, 0
-0.1997, 0.979959, 0
-0.218132, 0.976023, 0
-0.236488, 0.971741, 0
-0.254759, 0.967113, 0
-0.27294, 0.962141, 0
-0.291024, 0.956828, 0
-0.309004, 0.951176, 0
-0.326875, 0.945185, 0
-0.34463, 0.938858, 0
-0.362262, 0.932198, 0
-0.379766, 0.925207, 0
-0.397135, 0.917888, 0
-0.414362, 0.910242, 0
-0.431443, 0.902273, 0
-0.44837, 0.893984, 0
-0.465138, 0.885377, 0
-0.481741, 0.876455, 0
-0.498173, 0.867223, 0
-0.514427, 0.857682, 0
-0.5305, 0.847837, 0
-0.546383, 0.83769, 0
-0.562073, 0.827246, 0
-0.577563, 0.816508, 0
-0.592848, 0.805481, 0
-0.607922, 0.794167, 0
-0.62278, 0.782571, 0
-0.637418, 0.770697, 0
-0.651828, 0.758549, 0
-0.666008, 0.746132, 0
-0.67995, 0.73345, 0
-0.693652, 0.720508, 0
-0.707107, 0.70731, 0
-0.720311, 0.69386, 0
-0.733259, 0.680164, 0
-0.745946, 0.666227, 0
-0.758369, 0.652053, 0
-0.770522, 0.637647, 0
-0.782402, 0.623015, 0
-0.794004, 0.608161, 0
-0.805323, 0.593092, 0
-0.816357, 0.577812, 0
-0.827101, 0.562327, 0
-0.837551, 0.546642, 0
-0.847704, 0.530763, 0
-0.857556, 0.514695, 0
-0.867103, 0.498445, 0
-0.876342, 0.482017, 0
-0.88527, 0.465419, 0
-0.893884, 0.448655, 0
-0.90218, 0.431732, 0
-0.910155, 0.414655, 0
-0.917808, 0.397431, 0
-0.925134, 0.380067, 0
-0.932132, 0.362567, 0
-0.938799, 0.344938, 0
-0.945133, 0.327187, 0
-0.951131, 0.30932, 0
-0.956791, 0.291342, 0
-0.962112, 0.273262, 0
-0.96709, 0.255084, 0
-0.971726, 0.236816, 0
-0.976016, 0.218464, 0
-0.979959, 0.200034, 0
-0.983555, 0.181533, 0
-0.986801, 0.162967, 0
-0.989697, 0.144344, 0
-0.992241, 0.125669, 0
-0.994433, 0.10695, 0
-0.996272, 0.0881929, 0
-0.997757, 0.0694044, 0
-0.998888, 0.0505912, 0
-0.999664, 0.0317601, 0
-1.00009, 0.0129177, 0
-1.00015, -0.00592929, 0
-0.999862, -0.0247742, 0
-0.999217, -0.0436103, 0
-0.998218, -0.0624309, 0
-0.996864, -0.0812293, 0
-0.995157, -0.0999989, 0
-0.993095, -0.118733, 0
-0.990682, -0.137425, 0
-0.987916, -0.156068, 0
-0.984799, -0.174656, 0
-0.981333, -0.193181, 0
-0.977519, -0.211638, 0
-0.973357, -0.23002, 0
-0.968849, -0.24832, 0
-0.963998, -0.266532, 0
-0.958804, -0.28465, 0
-0.953269, -0.302666, 0
-0.947396, -0.320575, 0
-0.941187, -0.33837, 0
-0.934643, -0.356045, 0
-0.927768, -0.373593, 0
-0.920563, -0.391009, 0
-0.913031, -0.408285, 0
-0.905175, -0.425417, 0
-0.896997, -0.442398, 0
-0.888501, -0.459222, 0
-0.879689, -0.475882, 0
-0.870565, -0.492374, 0
-0.861131, -0.50869, 0
-0.851392, -0.524826, 0
-0.841351, -0.540776, 0
-0.831011, -0.556534, 0
-0.820375, -0.572093, 0
-0.809448, -0.58745, 0
-0.798234, -0.602598, 0
-0.786736, -0.617532, 0
-0.774959, -0.632247, 0
-0.762907, -0.646738, 0
-0.750584, -0.660998, 0
-0.737994, -0.675024, 0
-0.725142, -0.68881, 0
-0.712032, -0.702352, 0
-0.69867, -0.715644, 0
-0.685059, -0.728681, 0
-0.671206, -0.741461, 0
-0.657113, -0.753976, 0
-0.642788, -0.766224, 0
-0.628234, -0.7782, 0
-0.613457, -0.7899, 0
-0.598462, -0.801318, 0
-0.583255, -0.812453, 0
-0.56784, -0.823299, 0
-0.552224, -0.833852, 0
-0.536412, -0.844109, 0
-0.520409, -0.854067, 0
-0.504221, -0.863721, 0
-0.487854, -0.873068, 0
-0.471314, -0.882105, 0
-0.454607, -0.890829, 0
-0.437738, -0.899237, 0
-0.420713, -0.907325, 0
-0.403539, -0.915091, 0
-0.386222, -0.922531, 0
-0.368768, -0.929645, 0
-0.351183, -0.936428, 0
-0.333473, -0.942878, 0
-0.315644, -0.948993, 0
-0.297704, -0.954772, 0
-0.279657, -0.960211, 0
-0.261511, -0.965309, 0
-0.243273, -0.970065, 0
-0.224948, -0.974476, 0
-0.206543, -0.97854, 0
-0.188065, -0.982257, 0
-0.16952, -0.985626, 0
-0.150915, -0.988644, 0
-0.132256, -0.991311, 0
-0.11355, -0.993625, 0
-0.0948037, -0.995587, 0
-0.0760238, -0.997196, 0
-0.057217, -0.99845, 0
-0.0383898, -0.999349, 0
-0.019549, -0.999893, 0
-0.000701224, -1.00008, 0
0.0181468, -0.999917, 0
0.0369883, -0.999395, 0
0.0558168, -0.998519, 0
0.0746253, -0.997288, 0
0.0934074, -0.995703, 0
0.112156, -0.993764, 0
0.130865, -0.991472, 0
0.149528, -0.988828, 0
0.168137, -0.985833, 0
0.186687, -0.982487, 0
0.205171, -0.978793, 0
0.223581, -0.974751, 0
0.241912, -0.970362, 0
0.260157, -0.965629, 0
0.27831, -0.960553, 0
0.296364, -0.955135, 0
0.314313, -0.949378, 0
0.33215, -0.943284, 0
0.349869, -0.936855, 0
0.367463, -0.930093, 0
0.384927, -0.923001, 0
0.402255, -0.915581, 0
0.419439, -0.907835, 0
0.436475, -0.899767, 0
0.453355, -0.891379, 0
0.470074, -0.882675, 0
0.486627, -0.873657, 0
0.503006, -0.864329, 0
0.519207, -0.854693, 0
0.535223, -0.844754, 0
0.551049, -0.834515, 0
0.56668, -0.82398, 0
0.582109, -0.813151, 0
0.597331, -0.802034, 0
0.612341, -0.790632, 0
0.627134, -0.778949, 0
0.641703, -0.766989, 0
0.656045, -0.754757, 0
0.670154, -0.742256, 0
0.684024, -0.729492, 0
0.697652, -0.716469, 0
0.711032, -0.703191, 0
0.724159, -0.689663, 0
0.737029, -0.675891, 0
0.749636, -0.661878, 0
0.761978, -0.64763, 0
0.774049, -0.633152, 0
0.785845, -0.618449, 0
0.797361, -0.603526, 0
0.808595, -0.588389, 0
0.819541, -0.573043, 0
0.830196, -0.557493, 0
0.840556, -0.541745, 0
0.850617, -0.525805, 0
0.860376, -0.509677, 0
0.86983, -0.493369, 0
0.878974, -0.476885, 0
0.887806, -0.460232, 0
0.896323, -0.443416, 0
0.904521, -0.426442, 0
0.912398, -0.409316, 0
0.91995, -0.392045, 0
0.927176, -0.374635, 0
0.934072, -0.357092, 0
0.940637, -0.339421, 0
0.946867, -0.32163, 0
0.952761, -0.303725, 0
0.958316, -0.285712, 0
0.963531, -0.267598, 0
0.968404, -0.249388, 0
0.972932, -0.23109, 0
0.977115, -0.212709, 0
0.98095, -0.194253, 0
0.984437, -0.175728, 0
0.987574, -0.157141, 0
0.990361, -0.138498, 0
0.992795, -0.119805, 0
0.994877, -0.10107, 0
0.996605, -0.0822991, 0
0.997979, -0.0634989, 0
0.998999, -0.0446762, 0
0.999663, -0.0258376, 0
0.999973, -0.00698979, 0
0.999927, 0.0118605, 0
0.999526, 0.0307066, 0
0.998769, 0.0495417, 0
0.997658, 0.0683593, 0
0.996192, 0.0871525, 0
0.994373, 0.105915, 0
0.9922, 0.12464, 0
0.989674, 0.14332, 0
0.986797, 0.161949, 0
0.98357, 0.180521, 0
0.979992, 0.199029, 0
0.976067, 0.217466, 0
0.971795, 0.235826, 0
0.967177, 0.254102, 0
0.962216, 0.272288, 0
0.956913, 0.290377, 0
0.95127, 0.308362, 0
0.945289, 0.326239, 0
0.938973, 0.343999, 0
0.932322, 0.361637, 0
0.92534, 0.379147, 0
0.91803, 0.396522, 0
0.910393, 0.413756, 0
0.902433, 0.430843, 0
0.894152, 0.447777, 0
0.885554, 0.464551, 0
0.876641, 0.481161, 0
0.867416, 0.4976, 0
0.857884, 0.513862, 0
0.848046, 0.529942, 0
0.837907, 0.545833, 0
0.827471, 0.56153, 0
0.81674, 0.577028, 0
0.80572, 0.59232, 0
0.794413, 0.607403, 0
0.782823, 0.622269, 0
0.770956, 0.636915, 0
0.758815, 0.651334, 0
0.746404, 0.665522, 0
0.733728, 0.679473, 0
0.720791, 0.693183, 0
0.707599, 0.706646, 0
0.694154, 0.719859, 0
0.680464, 0.732815, 0
0.666531, 0.745512, 0
0.652362, 0.757943, 0
0.63796, 0.770106, 0
0.623333, 0.781994, 0
0.608483, 0.793605, 0
0.593418, 0.804934, 0
0.578142, 0.815977, 0
0.56266, 0.82673, 0
0.546979, 0.83719, 0
0.531103, 0.847351, 0
0.515038, 0.857212, 0
0.498791, 0.866769, 0
0.482366, 0.876017, 0
0.46577, 0.884954, 0
0.449009, 0.893577, 0
0.432087, 0.901883, 0
0.415013, 0.909868, 0
0.397791, 0.917529, 0
0.380428, 0.924865, 0
0.362929, 0.931872, 0
0.345302, 0.938548, 0
0.327552, 0.944891, 0
0.309685, 0.950898, 0
0.291709, 0.956568, 0
0.273629, 0.961897, 0
0.255452, 0.966885, 0
0.237184, 0.971529, 0
0.218831, 0.975828, 0
0.200401, 0.979781, 0
0.1819, 0.983385, 0
0.163334, 0.986641, 0
0.144711, 0.989545, 0
0.126035, 0.992098, 0
0.107315, 0.994299, 0
0.0885573, 0.996147, 0
0.0697678, 0.99764, 0
0.0509534, 0.99878, 0
0.032121, 0.999564, 0
0.0132771, 0.999994, 0
-0.00557148, 1.00007, 0
-0.0244181, 0.999787, 0
-0.043256, 0.999151, 0
-0.0620786, 0.99816, 0
-0.0808791, 0.996814, 0
-0.0996508, 0.995114, 0
-0.118387, 0.993061, 0
-0.137082, 0.990655, 0
-0.155727, 0.987897, 0
-0.174318, 0.984789, 0
-0.192846, 0.98133, 0
-0.211306, 0.977523, 0
-0.229691, 0.973369, 0
-0.247994, 0.968869, 0
-0.266209, 0.964025, 0
-0.28433, 0.958838, 0
-0.302349, 0.953311, 0
-0.320262, 0.947445, 0
-0.33806, 0.941243, 0
-0.355739, 0.934707, 0
-0.373291, 0.927838, 0
-0.39071, 0.92064, 0
-0.407991, 0.913115, 0
-0.425127, 0.905266, 0
-0.442111, 0.897095, 0
-0.458939, 0.888605, 0
-0.475604, 0.8798, 0
-0.4921, 0.870682, 0
-0.508421, 0.861255, 0
-0.524561, 0.851523, 0
-0.540516, 0.841487, 0
-0.556278, 0.831153, 0
-0.571842, 0.820524, 0
-0.587204, 0.809603, 0
-0.602357, 0.798395, 0
-0.617296, 0.786903, 0
-0.632016, 0.775132, 0
-0.646511, 0.763086, 0
-0.660777, 0.750768, 0
-0.674808, 0.738184, 0
-0.6886, 0.725337, 0
-0.702146, 0.712233, 0
-0.715444, 0.698876, 0
-0.728487, 0.685271, 0
-0.741272, 0.671423, 0
-0.753793, 0.657336, 0
-0.766047, 0.643015, 0
-0.778029, 0.628467, 0
-0.789734, 0.613695, 0
-0.801159, 0.598705, 0
-0.812299, 0.583502, 0
-0.823151, 0.568092, 0
-0.833711, 0.552481, 0
-0.843974, 0.536673, 0
-0.853938, 0.520675, 0
-0.863598, 0.504491, 0
-0.872952, 0.488129, 0
-0.881996, 0.471593, 0
-0.890726, 0.45489, 0
-0.89914, 0.438025, 0
-0.907235, 0.421005, 0
-0.915008, 0.403835, 0
-0.922456, 0.386522, 0
-0.929576, 0.369071, 0
-0.936366, 0.35149, 0
-0.942823, 0.333783, 0
-0.948946, 0.315958, 0
-0.954732, 0.298021, 0
-0.960178, 0.279978, 0
-0.965284, 0.261836, 0
-0.970047, 0.2436, 0
-0.974465, 0.225278, 0
-0.978537, 0.206876, 0
-0.982262, 0.188401, 0
-0.985638, 0.169859, 0
-0.988664, 0.151256, 0
-0.991339, 0.1326, 0
-0.993662, 0.113896, 0
-0.995631, 0.0951523, 0
-0.997248, 0.0763746, 0
-0.99851, 0.0575698, 0
-0.999418, 0.0387446, 0
-0.99997, 0.0199056, 0
-1.00017, 0.00105951, 0
-1.00001, -0.0177869, 0
-0.999497, -0.0366271, 0
-0.99863, -0.0554542, 0
-0.997407, -0.0742616, 0
-0.995831, -0.0930427, 0
-0.993901, -0.111791, 0
-0.991618, -0.130499, 0
-0.988982, -0.149161, 0
-0.985996, -0.16777, 0
-0.982659, -0.186319, 0
-0.978973, -0.204803, 0
-0.97494, -0.223213, 0
-0.970561, -0.241544, 0
-0.965836, -0.25979, 0
-0.960769, -0.277943, 0
-0.955361, -0.295998, 0
-0.949613, -0.313947, 0
-0.943528, -0.331785, 0
-0.937108, -0.349505, 0
-0.930356, -0.367101, 0
-0.923273, -0.384567, 0
-0.915861, -0.401896, 0
-0.908125, -0.419082, 0
-0.900066, -0.436119, 0
-0.891688, -0.453002, 0
-0.882993, -0.469724, 0
-0.873984, -0.486278, 0
-0.864665, -0.502661, 0
-0.855039, -0.518864, 0
-0.845109, -0.534884, 0
-0.834879, -0.550713, 0
-0.824353, -0.566347, 0
-0.813534, -0.58178, 0
-0.802426, -0.597006, 0
-0.791032, -0.61202, 0
-0.779358, -0.626817, 0
-0.767408, -0.641391, 0
-0.755184, -0.655737, 0
-0.742693, -0.669851, 0
-0.729937, -0.683726, 0
-0.716923, -0.697359, 0
-0.703654, -0.710744, 0
-0.690135, -0.723877, 0
-0.676371, -0.736752, 0
-0.662366, -0.749366, 0
-0.648127, -0.761714, 0
-0.633657, -0.773791, 0
-0.618962, -0.785594, 0
-0.604047, -0.797117, 0
-0.588918, -0.808357, 0
-0.57358, -0.819311, 0
-0.558038, -0.829973, 0
-0.542297, -0.84034, 0
-0.526364, -0.850409, 0
-0.510245, -0.860176, 0
-0.493943, -0.869638, 0
-0.477467, -0.87879, 0
-0.460821, -0.887631, 0
-0.444011, -0.896156, 0
-0.427044, -0.904363, 0
-0.409925, -0.912249, 0
-0.39266, -0.91981, 0
-0.375256, -0.927045, 0
-0.357718, -0.933951, 0
-0.340054, -0.940525, 0
-0.322268, -0.946765, 0
-0.304369, -0.952669, 0
-0.286361, -0.958234, 0
-0.268251, -0.963459, 0
-0.250046, -0.968341, 0
-0.231752, -0.97288, 0
-0.213376, -0.977073, 0
-0.194925, -0.98092, 0
-0.176404, -0.984417, 0
-0.15782, -0.987565, 0
-0.13918, -0.990363, 0
-0.120491, -0.992808, 0
-0.101759, -0.994901, 0
-0.0829908, -0.99664, 0
-0.0641932, -0.998026, 0
-0.0453728, -0.999057, 0
-0.0265363, -0.999733, 0
-0.00769031, -1.00005, 0
0.0111584, -1.00002, 0
0.0300031, -0.99963, 0
0.0488372, -0.998885, 0
0.0676539, -0.997786, 0
0.0864466, -0.996332, 0
0.105209, -0.994524, 0
0.123933, -0.992363, 0
0.142614, -0.98985, 0
0.161244, -0.986984, 0
0.179816, -0.983769, 0
0.198325, -0.980203, 0
0.216763, -0.97629, 0
0.235125, -0.97203, 0
0.253403, -0.967424, 0
0.27159, -0.962475, 0
0.289682, -0.957184, 0
0.30767, -0.951552, 0
0.325549, -0.945583, 0
0.343313, -0.939278, 0
0.360954, -0.932639, 0
0.378467, -0.925669, 0
0.395846, -0.91837, 0
0.413084, -0.910745, 0
0.430176, -0.902796, 0
0.447114, -0.894527, 0
0.463894, -0.885939, 0
0.480509, -0.877037, 0
0.496953, -0.867824, 0
0.513221, -0.858302, 0
0.529306, -0.848475, 0
0.545204, -0.838347, 0
0.560907, -0.827921, 0
0.576412, -0.8172, 0
0.591711, -0.80619, 0
0.606801, -0.794893, 0
0.621675, -0.783313, 0
0.636327, -0.771456, 0
0.650754, -0.759324, 0
0.66495, -0.746923, 0
0.678909, -0.734256, 0
0.692628, -0.721328, 0
0.7061, -0.708144, 0
0.719321, -0.694708, 0
0.732287, -0.681026, 0
0.744992, -0.667102, 0
0.757433, -0.65294, 0
0.769605, -0.638547, 0
0.781503, -0.623927, 0
0.793124, -0.609085, 0
0.804463, -0.594026, 0
0.815516, -0.578757, 0
0.826279, -0.563282, 0
0.836749, -0.547607, 0
0.846922, -0.531737, 0
0.856793, -0.515679, 0
0.86636, -0.499437, 0
0.87562, -0.483018, 0
0.884568, -0.466427, 0
0.893202, -0.44967, 0
0.901518, -0.432754, 0
0.909515, -0.415684, 0
0.917188, -0.398466, 0
0.924535, -0.381107, 0
0.931554, -0.363612, 0
0.938242, -0.345988, 0
0.944596, -0.328241, 0
0.950615, -0.310377, 0
0.956296, -0.292404, 0
0.961637, -0.274326, 0
0.966637, -0.256151, 0
0.971293, -0.237885, 0
0.975604, -0.219534, 0
0.979569, -0.201105, 0
0.983185, -0.182605, 0
0.986452, -0.16404, 0
0.989369, -0.145417, 0
0.991934, -0.126742, 0
0.994146, -0.108022, 0
0.996006, -0.0892632, 0
0.997511, -0.0704731, 0
0.998662, -0.0516579, 0
0.999459, -0.0328244, 0
0.9999, -0.0139792, 0
0.999985, 0.00487091, 0
0.999716, 0.0237193, 0
0.999091, 0.0425593, 0
0.998112, 0.0613842, 0
0.996777, 0.0801872, 0
0.995089, 0.0989618, 0
0.993047, 0.117701, 0
0.990652, 0.136399, 0
0.987905, 0.155048, 0
0.984808, 0.173642, 0
0.98136, 0.192174, 0
0.977563, 0.210638, 0
0.97342, 0.229027, 0
0.96893, 0.247335, 0
0.964096, 0.265555, 0
0.95892, 0.283681, 0
0.953403, 0.301706, 0
0.947547, 0.319623, 0
0.941354, 0.337427, 0
0.934827, 0.355111, 0
0.927968, 0.372669, 0
0.920779, 0.390095, 0
0.913263, 0.407382, 0
0.905423, 0.424524, 0
0.89726, 0.441516, 0
0.888779, 0.45835, 0
0.879983, 0.475022, 0
0.870873, 0.491525, 0
0.861454, 0.507853, 0
0.85173, 0.524001, 0
0.841702, 0.539963, 0
0.831375, 0.555732, 0
0.820753, 0.571305, 0
0.80984, 0.586674, 0
0.798639, 0.601835, 0
0.787154, 0.616782, 0
0.775389, 0.63151, 0
0.763349, 0.646014, 0
0.751037, 0.660288, 0
0.738459, 0.674328, 0
0.725619, 0.688127, 0
0.71252, 0.701683, 0
0.699169, 0.714989, 0
0.685569, 0.728041, 0
0.671725, 0.740835, 0
0.657643, 0.753365, 0
0.643327, 0.765628, 0
0.628783, 0.777618, 0
0.614015, 0.789333, 0
0.599029, 0.800767, 0
0.583831, 0.811916, 0
0.568425, 0.822777, 0
0.552817, 0.833346, 0
0.537012, 0.843618, 0
0.521017, 0.853591, 0
0.504837, 0.863261, 0
0.488477, 0.872624, 0
0.471944, 0.881677, 0
0.455243, 0.890417, 0
0.43838, 0.89884, 0
0.421362, 0.906944, 0
0.404194, 0.914726, 0
0.386882, 0.922183, 0
0.369433, 0.929312, 0
0.351853, 0.936112, 0
0.334148, 0.942578, 0
0.316324, 0.94871, 0
0.298387, 0.954505, 0
0.280345, 0.959961, 0
0.262203, 0.965075, 0
0.243968, 0.969847, 0
0.225646, 0.974275, 0
0.207244, 0.978356, 0
0.188769, 0.98209, 0
0.170226, 0.985474, 0
0.151623, 0.988509, 0
0.132966, 0.991193, 0
0.114262, 0.993524, 0
0.0955172, 0.995503, 0
0.0767385, 0.997128, 0
0.0579325, 0.998399, 0
0.039106, 0.999315, 0
0.0202656, 0.999876, 0
0.00141801, 1.00008, 0
-0.0174301, 0.999932, 0
-0.036272, 0.999428, 0
-0.0551011, 0.998569, 0
-0.0739105, 0.997354, 0
-0.0926937, 0.995786, 0
-0.111444, 0.993864, 0
-0.130155, 0.991589, 0
-0.148819, 0.988961, 0
-0.167431, 0.985982, 0
-0.185983, 0.982653, 0
-0.204469, 0.978976, 0
-0.222882, 0.97495, 0
-0.241217, 0.970578, 0
-0.259465, 0.965861, 0
-0.277622, 0.960801, 0
-0.29568, 0.9554, 0
-0.313632, 0.94966, 0
-0.331474, 0.943582, 0
-0.349198, 0.937169, 0
-0.366797, 0.930424, 0
-0.384267, 0.923348, 0
-0.401599, 0.915943, 0
-0.41879, 0.908214, 0
-0.435831, 0.900162, 0
-0.452718, 0.89179, 0
-0.469444, 0.883102, 0
-0.486003, 0.874099, 0
-0.50239, 0.864787, 0
-0.518598, 0.855167, 0
-0.534622, 0.845244, 0
-0.550456, 0.83502, 0
-0.566094, 0.8245, 0
-0.581532, 0.813687, 0
-0.596763, 0.802585, 0
-0.611782, 0.791197, 0
-0.626583, 0.779529, 0
-0.641163, 0.767584, 0
-0.655514, 0.755367, 0
-0.669633, 0.742881, 0
-0.683514, 0.730131, 0
-0.697152, 0.717122, 0
-0.710542, 0.703859, 0
-0.72368, 0.690345, 0
-0.736562, 0.676586, 0
-0.749181, 0.662587, 0
-0.761535, 0.648352, 0
-0.773618, 0.633888, 0
-0.785426, 0.619198, 0
-0.796955, 0.604288, 0
-0.808202, 0.589164, 0
-0.819161, 0.57383, 0
-0.829829, 0.558293, 0
-0.840203, 0.542557, 0
-0.850278, 0.526629, 0
-0.860051, 0.510514, 0
-0.869519, 0.494217, 0
-0.878678, 0.477745, 0
-0.887525, 0.461103, 0
-0.896057, 0.444297, 0
-0.904271, 0.427334, 0
-0.912163, 0.410219, 0
-0.919732, 0.392958, 0
-0.926974, 0.375558, 0
-0.933887, 0.358024, 0
-0.940468, 0.340363, 0
-0.946715, 0.322581, 0
-0.952626, 0.304685, 0
-0.958198, 0.286681, 0
-0.96343, 0.268574, 0
-0.968321, 0.250372, 0
-0.972867, 0.232082, 0
-0.977068, 0.213709, 0
-0.980921, 0.19526, 0
-0.984427, 0.176742, 0
-0.987583, 0.158161, 0
-0.990388, 0.139523, 0
-0.992841, 0.120837, 0
-0.994942, 0.102107, 0
-0.99669, 0.0833411, 0
-0.998083, 0.0645456, 0
-0.999122, 0.0457272, 0
-0.999807, 0.0268925, 0
-1.00014, 0.00804826, 0
-1.00011, -0.0107988, 0
-0.999729, -0.0296421, 0
-0.998993, -0.0484748, 0
-0.997902, -0.0672903, 0
-0.996457, -0.0860819, 0
-0.994657, -0.104843, 0
-0.992505, -0.123567, 0
-0.99, -0.142247, 0
-0.987144, -0.160876, 0
-0.983937, -0.179448, 0
-0.980381, -0.197957, 0
-0.976476, -0.216395, 0
-0.972225, -0.234757, 0
-0.967628, -0.253035, 0
-0.962688, -0.271223, 0
-0.957406, -0.289315, 0
-0.951784, -0.307304, 0
-0.945824, -0.325184, 0
-0.939528, -0.342948, 0
-0.932898, -0.360591, 0
-0.925937, -0.378106, 0
-0.918647, -0.395486, 0
-0.911031, -0.412726, 0
-0.903092, -0.429819, 0
-0.894832, -0.44676, 0
-0.886254, -0.463542, 0
-0.877361, -0.48016, 0
-0.868157, -0.496606, 0
-0.858644, -0.512877, 0
-0.848826, -0.528965, 0
-0.838707, -0.544866, 0
-0.82829, -0.560573, 0
-0.817579, -0.576081, 0
-0.806578, -0.591384, 0
-0.79529, -0.606478, 0
-0.78372, -0.621356, 0
-0.771871, -0.636013, 0
-0.759748, -0.650444, 0
-0.747356, -0.664645, 0
-0.734698, -0.678609, 0
-0.721779, -0.692333, 0
-0.708603, -0.70581, 0
-0.695176, -0.719037, 0
-0.681503, -0.732008, 0
-0.667587, -0.74472, 0
-0.653434, -0.757167, 0
-0.639049, -0.769345, 0
-0.624437, -0.78125, 0
-0.609603, -0.792877, 0
-0.594553, -0.804223, 0
-0.579291, -0.815283, 0
-0.563824, -0.826053, 0
-0.548156, -0.836531, 0
-0.532294, -0.846711, 0
-0.516243, -0.85659, 0
-0.500009, -0.866165, 0
-0.483596, -0.875433, 0
-0.467013, -0.884389, 0
-0.450263, -0.893032, 0
-0.433353, -0.901357, 0
-0.41629, -0.909362, 0
-0.399078, -0.917044, 0
-0.381725, -0.924401, 0
-0.364236, -0.931429, 0
-0.346618, -0.938126, 0
-0.328877, -0.94449, 0
-0.311019, -0.950519, 0
-0.29305, -0.95621, 0
-0.274977, -0.961561, 0
-0.256807, -0.966571, 0
-0.238546, -0.971237, 0
-0.220199, -0.975559, 0
-0.201775, -0.979534, 0
-0.183279, -0.983161, 0
-0.164718, -0.986439, 0
-0.146098, -0.989366, 0
-0.127426, -0.991942, 0
-0.108709, -0.994166, 0
-0.0899538, -0.996037, 0
-0.0711664, -0.997553, 0
-0.0523536, -0.998716, 0
-0.0335223, -0.999524, 0
-0.014679, -0.999976, 0
0.00416944, -1.00007, 0
0.0230164, -0.999816, 0
0.0418552, -0.999203, 0
0.0606792, -0.998235, 0
0.0794815, -0.996912, 0
0.0982557, -0.995236, 0
0.116995, -0.993206, 0
0.135693, -0.990823, 0
0.154342, -0.988088, 0
0.172937, -0.985002, 0
0.19147, -0.981566, 0
0.209935, -0.977782, 0
0.228326, -0.97365, 0
0.246635, -0.969172, 0
0.264857, -0.96435, 0
0.282985, -0.959185, 0
0.301012, -0.95368, 0
0.318933, -0.947836, 0
0.33674, -0.941655, 0
0.354427, -0.93514, 0
0.371989, -0.928292, 0
0.389418, -0.921115, 0
0.406709, -0.91361, 0
0.423856, -0.905781, 0
0.440852, -0.89763, 0
0.457691, -0.88916, 0
0.474368, -0.880375, 0
0.490876, -0.871276, 0
0.50721, -0.861868, 0
0.523364, -0.852154, 0
0.539331, -0.842137, 0
0.555107, -0.831821, 0
0.570686, -0.82121, 0
0.586063, -0.810306, 0
0.601231, -0.799115, 0
0.616185, -0.78764, 0
0.63092, -0.775885, 0
0.645432, -0.763854, 0
0.659714, -0.751552, 0
0.673761, -0.738983, 0
0.687569, -0.726152, 0
0.701133, -0.713062, 0
0.714448, -0.699719, 0
0.727509, -0.686128, 0
0.740312, -0.672293, 0
0.752851, -0.658219, 0
0.765124, -0.643911, 0
0.777124, -0.629374, 0
0.788848, -0.614614, 0
0.800292, -0.599635, 0
0.811451, -0.584443, 0
0.822322, -0.569044, 0
0.832902, -0.553442, 0
0.843185, -0.537644, 0
0.853168, -0.521655, 0
0.862849, -0.50548, 0
0.872223, -0.489126, 0
0.881287, -0.472598, 0
0.890037, -0.455903, 0
0.898472, -0.439045, 0
0.906587, -0.422031, 0
0.914381, -0.404867, 0
0.921849, -0.38756, 0
0.92899, -0.370114, 0
0.935801, -0.352537, 0
0.942279, -0.334835, 0
0.948423, -0.317014, 0
0.954229, -0.299081, 0
0.959697, -0.281041, 0
0.964823, -0.262901, 0
0.969607, -0.244668, 0
0.974046, -0.226348, 0
0.978139, -0.207947, 0
0.981885, -0.189473, 0
0.985282, -0.170931, 0
0.988328, -0.152329, 0
0.991024, -0.133672, 0
0.993367, -0.114968, 0
0.995358, -0.0962229, 0
0.996994, -0.0774438, 0
0.998277, -0.0586371, 0
0.999205, -0.0398096, 0
0.999778, -0.020968, 0
0.999995, -0.00211892, 0
