-0.000003002504811, 0.000000000000000, 0.000000000000000
-0.000003001971406, -0.000000056595882, 0.000000000000000
-0.000003000371285, -0.000000113181710, 0.000000000000000
-0.000002997704827, -0.000000169737378, 0.000000000000000
-0.000002993972791, -0.000000226242792, 0.000000000000000
-0.000002989176314, -0.000000282677874, 0.000000000000000
-0.000002983316910, -0.000000339022574, 0.000000000000000
-0.000002976396472, -0.000000395256871, 0.000000000000000
-0.000002968417270, -0.000000451360786, 0.000000000000000
-0.000002959381951, -0.000000507314383, 0.000000000000000
-0.000002949293535, -0.000000563097784, 0.000000000000000
-0.000002938155419, -0.000000618691167, 0.000000000000000
-0.000002925971372, -0.000000674074780, 0.000000000000000
-0.000002912745534, -0.000000729228946, 0.000000000000000
-0.000002898482416, -0.000000784134068, 0.000000000000000
-0.000002883186898, -0.000000838770638, 0.000000000000000
-0.000002866864225, -0.000000893119245, 0.000000000000000
-0.000002849520010, -0.000000947160578, 0.000000000000000
-0.000002831160226, -0.000001000875437, 0.000000000000000
-0.000002811791209, -0.000001054244737, 0.000000000000000
-0.000002791419652, -0.000001107249517, 0.000000000000000
-0.000002770052607, -0.000001159870945, 0.000000000000000
-0.000002747697476, -0.000001212090325, 0.000000000000000
-0.000002724362016, -0.000001263889104, 0.000000000000000
-0.000002700054329, -0.000001315248879, 0.000000000000000
-0.000002674782865, -0.000001366151403, 0.000000000000000
-0.000002648556414, -0.000001416578591, 0.000000000000000
-0.000002621384108, -0.000001466512528, 0.000000000000000
-0.000002593275414, -0.000001515935474, 0.000000000000000
-0.000002564240130, -0.000001564829870, 0.000000000000000
-0.000002534288387, -0.000001613178345, 0.000000000000000
-0.000002503430637, -0.000001660963723, 0.000000000000000
-0.000002471677659, -0.000001708169028, 0.000000000000000
-0.000002439040545, -0.000001754777490, 0.000000000000000
-0.000002405530705, -0.000001800772550, 0.000000000000000
-0.000002371159858, -0.000001846137869, 0.000000000000000
-0.000002335940027, -0.000001890857332, 0.000000000000000
-0.000002299883539, -0.000001934915051, 0.000000000000000
-0.000002263003018, -0.000001978295375, 0.000000000000000
-0.000002225311379, -0.000002020982895, 0.000000000000000
-0.000002186821827, -0.000002062962446, 0.000000000000000
-0.000002147547849, -0.000002104219116, 0.000000000000000
-0.000002107503213, -0.000002144738250, 0.000000000000000
-0.000002066701958, -0.000002184505455, 0.000000000000000
-0.000002025158392, -0.000002223506604, 0.000000000000000
-0.000001982887090, -0.000002261727845, 0.000000000000000
-0.000001939902882, -0.000002299155600, 0.000000000000000
-0.000001896220851, -0.000002335776576, 0.000000000000000
-0.000001851856331, -0.000002371577765, 0.000000000000000
-0.000001806824896, -0.000002406546451, 0.000000000000000
-0.000001761142357, -0.000002440670214, 0.000000000000000
-0.000001714824757, -0.000002473936933, 0.000000000000000
-0.000001667888364, -0.000002506334795, 0.000000000000000
-0.000001620349666, -0.000002537852292, 0.000000000000000
-0.000001572225364, -0.000002568478230, 0.000000000000000
-0.000001523532370, -0.000002598201734, 0.000000000000000
-0.000001474287793, -0.000002627012246, 0.000000000000000
-0.000001424508942, -0.000002654899536, 0.000000000000000
-0.000001374213314, -0.000002681853701, 0.000000000000000
-0.000001323418590, -0.000002707865168, 0.000000000000000
-0.000001272142626, -0.000002732924702, 0.000000000000000
-0.000001220403453, -0.000002757023403, 0.000000000000000
-0.000001168219263, -0.000002780152714, 0.000000000000000
-0.000001115608406, -0.000002802304424, 0.000000000000000
-0.000001062589386, -0.000002823470667, 0.000000000000000
-0.000001009180850, -0.000002843643928, 0.000000000000000
-0.000000955401583, -0.000002862817046, 0.000000000000000
-0.000000901270503, -0.000002880983213, 0.000000000000000
-0.000000846806650, -0.000002898135982, 0.000000000000000
-0.000000792029186, -0.000002914269262, 0.000000000000000
-0.000000736957381, -0.000002929377329, 0.000000000000000
-0.000000681610610, -0.000002943454819, 0.000000000000000
-0.000000626008348, -0.000002956496736, 0.000000000000000
-0.000000570170157, -0.000002968498453, 0.000000000000000
-0.000000514115684, -0.000002979455712, 0.000000000000000
-0.000000457864654, -0.000002989364623, 0.000000000000000
-0.000000401436861, -0.000002998221674, 0.000000000000000
-0.000000344852159, -0.000003006023722, 0.000000000000000
-0.000000288130462, -0.000003012768001, 0.000000000000000
-0.000000231291728, -0.000003018452121, 0.000000000000000
-0.000000174355960, -0.000003023074067, 0.000000000000000
-0.000000117343194, -0.000003026632202, 0.000000000000000
-0.000000060273493, -0.000003029125269, 0.000000000000000
-0.000000003166938, -0.000003030552386, 0.000000000000000
0.000000053956372, -0.000003030913052, 0.000000000000000
0.000000111076338, -0.000003030207143, 0.000000000000000
0.000000168172858, -0.000003028434917, 0.000000000000000
0.000000225225842, -0.000003025597007, 0.000000000000000
0.000000282215211, -0.000003021694426, 0.000000000000000
0.000000339120915, -0.000003016728567, 0.000000000000000
0.000000395922928, -0.000003010701197, 0.000000000000000
0.000000452601265, -0.000003003614464, 0.000000000000000
0.000000509135984, -0.000002995470889, 0.000000000000000
0.000000565507192, -0.000002986273370, 0.000000000000000
0.000000621695059, -0.000002976025179, 0.000000000000000
0.000000677679815, -0.000002964729962, 0.000000000000000
0.000000733441766, -0.000002952391735, 0.000000000000000
0.000000788961297, -0.000002939014886, 0.000000000000000
0.000000844218877, -0.000002924604170, 0.000000000000000
0.000000899195070, -0.000002909164712, 0.000000000000000
0.000000953870541, -0.000002892702000, 0.000000000000000
0.000001008226059, -0.000002875221887, 0.000000000000000
0.000001062242509, -0.000002856730585, 0.000000000000000
0.000001115900898, -0.000002837234667, 0.000000000000000
0.000001169182356, -0.000002816741062, 0.000000000000000
0.000001222068151, -0.000002795257054, 0.000000000000000
0.000001274539690, -0.000002772790278, 0.000000000000000
0.000001326578528, -0.000002749348717, 0.000000000000000
0.000001378166373, -0.000002724940703, 0.000000000000000
0.000001429285093, -0.000002699574909, 0.000000000000000
0.000001479916725, -0.000002673260347, 0.000000000000000
0.000001530043476, -0.000002646006368, 0.000000000000000
0.000001579647735, -0.000002617822657, 0.000000000000000
0.000001628712075, -0.000002588719226, 0.000000000000000
0.000001677219263, -0.000002558706416, 0.000000000000000
0.000001725152261, -0.000002527794891, 0.000000000000000
0.000001772494238, -0.000002495995633, 0.000000000000000
0.000001819228570, -0.000002463319940, 0.000000000000000
0.000001865338853, -0.000002429779419, 0.000000000000000
0.000001910808900, -0.000002395385987, 0.000000000000000
0.000001955622756, -0.000002360151862, 0.000000000000000
0.000001999764695, -0.000002324089561, 0.000000000000000
0.000002043219233, -0.000002287211895, 0.000000000000000
0.000002085971128, -0.000002249531964, 0.000000000000000
0.000002128005389, -0.000002211063153, 0.000000000000000
0.000002169307279, -0.000002171819128, 0.000000000000000
0.000002209862321, -0.000002131813828, 0.000000000000000
0.000002249656306, -0.000002091061464, 0.000000000000000
0.000002288675291, -0.000002049576511, 0.000000000000000
0.000002326905612, -0.000002007373707, 0.000000000000000
0.000002364333883, -0.000001964468040, 0.000000000000000
0.000002400947003, -0.000001920874751, 0.000000000000000
0.000002436732161, -0.000001876609324, 0.000000000000000
0.000002471676842, -0.000001831687481, 0.000000000000000
0.000002505768825, -0.000001786125179, 0.000000000000000
0.000002538996196, -0.000001739938599, 0.000000000000000
0.000002571347346, -0.000001693144147, 0.000000000000000
0.000002602810978, -0.000001645758443, 0.000000000000000
0.000002633376109, -0.000001597798317, 0.000000000000000
0.000002663032076, -0.000001549280802, 0.000000000000000
0.000002691768540, -0.000001500223130, 0.000000000000000
0.000002719575487, -0.000001450642726, 0.000000000000000
0.000002746443232, -0.000001400557197, 0.000000000000000
0.000002772362426, -0.000001349984332, 0.000000000000000
0.000002797324056, -0.000001298942092, 0.000000000000000
0.000002821319448, -0.000001247448605, 0.000000000000000
0.000002844340272, -0.000001195522159, 0.000000000000000
0.000002866378545, -0.000001143181196, 0.000000000000000
0.000002887426630, -0.000001090444303, 0.000000000000000
0.000002907477244, -0.000001037330210, 0.000000000000000
0.000002926523458, -0.000000983857780, 0.000000000000000
0.000002944558699, -0.000000930046004, 0.000000000000000
0.000002961576752, -0.000000875913991, 0.000000000000000
0.000002977571767, -0.000000821480967, 0.000000000000000
0.000002992538252, -0.000000766766262, 0.000000000000000
0.000003006471083, -0.000000711789306, 0.000000000000000
0.000003019365504, -0.000000656569625, 0.000000000000000
0.000003031217125, -0.000000601126828, 0.000000000000000
0.000003042021928, -0.000000545480605, 0.000000000000000
0.000003051776267, -0.000000489650718, 0.000000000000000
0.000003060476867, -0.000000433656992, 0.000000000000000
0.000003068120830, -0.000000377519313, 0.000000000000000
0.000003074705630, -0.000000321257618, 0.000000000000000
0.000003080229120, -0.000000264891885, 0.000000000000000
0.000003084689527, -0.000000208442131, 0.000000000000000
0.000003088085457, -0.000000151928404, 0.000000000000000
0.000003090415894, -0.000000095370773, 0.000000000000000
0.000003091680200, -0.000000038789323, 0.000000000000000
0.000003091878116, 0.000000017795853, 0.000000000000000
0.000003091009760, 0.000000074364660, 0.000000000000000
0.000003089075630, 0.000000130897009, 0.000000000000000
0.000003086076603, 0.000000187372824, 0.000000000000000
0.000003082013932, 0.000000243772049, 0.000000000000000
0.000003076889250, 0.000000300074656, 0.000000000000000
0.000003070704564, 0.000000356260649, 0.000000000000000
0.000003063462261, 0.000000412310077, 0.000000000000000
0.000003055165100, 0.000000468203033, 0.000000000000000
0.000003045816218, 0.000000523919670, 0.000000000000000
0.000003035419121, 0.000000579440199, 0.000000000000000
0.000003023977692, 0.000000634744906, 0.000000000000000
0.000003011496182, 0.000000689814148, 0.000000000000000
0.000002997979212, 0.000000744628370, 0.000000000000000
0.000002983431769, 0.000000799168105, 0.000000000000000
0.000002967859208, 0.000000853413984, 0.000000000000000
0.000002951267248, 0.000000907346742, 0.000000000000000
0.000002933661969, 0.000000960947227, 0.000000000000000
0.000002915049810, 0.000001014196401, 0.000000000000000
0.000002895437570, 0.000001067075355, 0.000000000000000
0.000002874832400, 0.000001119565309, 0.000000000000000
0.000002853241806, 0.000001171647621, 0.000000000000000
0.000002830673644, 0.000001223303795, 0.000000000000000
0.000002807136114, 0.000001274515484, 0.000000000000000
0.000002782637764, 0.000001325264501, 0.000000000000000
0.000002757187481, 0.000001375532823, 0.000000000000000
0.000002730794491, 0.000001425302596, 0.000000000000000
0.000002703468354, 0.000001474556144, 0.000000000000000
0.000002675218962, 0.000001523275974, 0.000000000000000
0.000002646056534, 0.000001571444782, 0.000000000000000
0.000002615991614, 0.000001619045461, 0.000000000000000
0.000002585035067, 0.000001666061104, 0.000000000000000
0.000002553198072, 0.000001712475013, 0.000000000000000
0.000002520492125, 0.000001758270702, 0.000000000000000
0.000002486929027, 0.000001803431906, 0.000000000000000
0.000002452520885, 0.000001847942584, 0.000000000000000
0.000002417280105, 0.000001891786926, 0.000000000000000
0.000002381219390, 0.000001934949360, 0.000000000000000
0.000002344351734, 0.000001977414553, 0.000000000000000
0.000002306690417, 0.000002019167424, 0.000000000000000
0.000002268249001, 0.000002060193140, 0.000000000000000
0.000002229041325, 0.000002100477129, 0.000000000000000
0.000002189081502, 0.000002140005081, 0.000000000000000
0.000002148383909, 0.000002178762956, 0.000000000000000
0.000002106963187, 0.000002216736986, 0.000000000000000
0.000002064834234, 0.000002253913682, 0.000000000000000
0.000002022012199, 0.000002290279836, 0.000000000000000
0.000001978512478, 0.000002325822530, 0.000000000000000
0.000001934350707, 0.000002360529139, 0.000000000000000
0.000001889542756, 0.000002394387331, 0.000000000000000
0.000001844104728, 0.000002427385079, 0.000000000000000
0.000001798052947, 0.000002459510660, 0.000000000000000
0.000001751403955, 0.000002490752661, 0.000000000000000
0.000001704174509, 0.000002521099981, 0.000000000000000
0.000001656381569, 0.000002550541839, 0.000000000000000
0.000001608042297, 0.000002579067774, 0.000000000000000
0.000001559174049, 0.000002606667651, 0.000000000000000
0.000001509794369, 0.000002633331663, 0.000000000000000
0.000001459920983, 0.000002659050336, 0.000000000000000
0.000001409571790, 0.000002683814531, 0.000000000000000
0.000001358764863, 0.000002707615449, 0.000000000000000
0.000001307518433, 0.000002730444631, 0.000000000000000
0.000001255850890, 0.000002752293964, 0.000000000000000
0.000001203780772, 0.000002773155685, 0.000000000000000
0.000001151326762, 0.000002793022378, 0.000000000000000
0.000001098507678, 0.000002811886983, 0.000000000000000
0.000001045342469, 0.000002829742795, 0.000000000000000
0.000000991850206, 0.000002846583467, 0.000000000000000
0.000000938050077, 0.000002862403013, 0.000000000000000
0.000000883961379, 0.000002877195809, 0.000000000000000
0.000000829603512, 0.000002890956596, 0.000000000000000
0.000000774995973, 0.000002903680481, 0.000000000000000
0.000000720158345, 0.000002915362940, 0.000000000000000
0.000000665110295, 0.000002925999818, 0.000000000000000
0.000000609871565, 0.000002935587333, 0.000000000000000
0.000000554461963, 0.000002944122073, 0.000000000000000
0.000000498901362, 0.000002951601002, 0.000000000000000
0.000000443209683, 0.000002958021459, 0.000000000000000
0.000000387406899, 0.000002963381158, 0.000000000000000
0.000000331513020, 0.000002967678190, 0.000000000000000
0.000000275548088, 0.000002970911023, 0.000000000000000
0.000000219532173, 0.000002973078503, 0.000000000000000
0.000000163485361, 0.000002974179857, 0.000000000000000
0.000000107427750, 0.000002974214687, 0.000000000000000
0.000000051379443, 0.000002973182976, 0.000000000000000
-0.000000004639463, 0.000002971085085, 0.000000000000000
-0.000000060608878, 0.000002967921754, 0.000000000000000
-0.000000116508732, 0.000002963694102, 0.000000000000000
-0.000000172318976, 0.000002958403625, 0.000000000000000
-0.000000228019598, 0.000002952052198, 0.000000000000000
-0.000000283590619, 0.000002944642072, 0.000000000000000
-0.000000339012109, 0.000002936175873, 0.000000000000000
-0.000000394264192, 0.000002926656605, 0.000000000000000
-0.000000449327048, 0.000002916087643, 0.000000000000000
-0.000000504180929, 0.000002904472737, 0.000000000000000
-0.000000558806157, 0.000002891816009, 0.000000000000000
-0.000000613183136, 0.000002878121949, 0.000000000000000
-0.000000667292360, 0.000002863395417, 0.000000000000000
-0.000000721114416, 0.000002847641639, 0.000000000000000
-0.000000774629993, 0.000002830866209, 0.000000000000000
-0.000000827819890, 0.000002813075079, 0.000000000000000
-0.000000880665019, 0.000002794274566, 0.000000000000000
-0.000000933146417, 0.000002774471343, 0.000000000000000
-0.000000985245249, 0.000002753672442, 0.000000000000000
-0.000001036942815, 0.000002731885247, 0.000000000000000
-0.000001088220558, 0.000002709117492, 0.000000000000000
-0.000001139060071, 0.000002685377263, 0.000000000000000
-0.000001189443101, 0.000002660672988, 0.000000000000000
-0.000001239351557, 0.000002635013440, 0.000000000000000
-0.000001288767519, 0.000002608407730, 0.000000000000000
-0.000001337673238, 0.000002580865307, 0.000000000000000
-0.000001386051149, 0.000002552395950, 0.000000000000000
-0.000001433883873, 0.000002523009771, 0.000000000000000
-0.000001481154225, 0.000002492717204, 0.000000000000000
-0.000001527845221, 0.000002461529010, 0.000000000000000
-0.000001573940079, 0.000002429456263, 0.000000000000000
-0.000001619422234, 0.000002396510355, 0.000000000000000
-0.000001664275333, 0.000002362702987, 0.000000000000000
-0.000001708483250, 0.000002328046166, 0.000000000000000
-0.000001752030088, 0.000002292552202, 0.000000000000000
-0.000001794900184, 0.000002256233702, 0.000000000000000
-0.000001837078113, 0.000002219103565, 0.000000000000000
-0.000001878548701, 0.000002181174981, 0.000000000000000
-0.000001919297021, 0.000002142461421, 0.000000000000000
-0.000001959308404, 0.000002102976636, 0.000000000000000
-0.000001998568442, 0.000002062734653, 0.000000000000000
-0.000002037062996, 0.000002021749766, 0.000000000000000
-0.000002074778197, 0.000001980036533, 0.000000000000000
-0.000002111700454, 0.000001937609773, 0.000000000000000
-0.000002147816455, 0.000001894484556, 0.000000000000000
-0.000002183113178, 0.000001850676201, 0.000000000000000
-0.000002217577891, 0.000001806200273, 0.000000000000000
-0.000002251198156, 0.000001761072569, 0.000000000000000
-0.000002283961836, 0.000001715309123, 0.000000000000000
-0.000002315857100, 0.000001668926190, 0.000000000000000
-0.000002346872422, 0.000001621940250, 0.000000000000000
-0.000002376996591, 0.000001574367993, 0.000000000000000
-0.000002406218714, 0.000001526226321, 0.000000000000000
-0.000002434528215, 0.000001477532336, 0.000000000000000
-0.000002461914844, 0.000001428303338, 0.000000000000000
-0.000002488368680, 0.000001378556816, 0.000000000000000
-0.000002513880132, 0.000001328310445, 0.000000000000000
-0.000002538439944, 0.000001277582074, 0.000000000000000
-0.000002562039199, 0.000001226389727, 0.000000000000000
-0.000002584669319, 0.000001174751592, 0.000000000000000
-0.000002606322074, 0.000001122686014, 0.000000000000000
-0.000002626989579, 0.000001070211492, 0.000000000000000
-0.000002646664298, 0.000001017346669, 0.000000000000000
-0.000002665339052, 0.000000964110328, 0.000000000000000
-0.000002683007012, 0.000000910521382, 0.000000000000000
-0.000002699661711, 0.000000856598871, 0.000000000000000
-0.000002715297041, 0.000000802361954, 0.000000000000000
-0.000002729907254, 0.000000747829901, 0.000000000000000
-0.000002743486969, 0.000000693022087, 0.000000000000000
-0.000002756031171, 0.000000637957985, 0.000000000000000
-0.000002767535212, 0.000000582657160, 0.000000000000000
-0.000002777994813, 0.000000527139259, 0.000000000000000
-0.000002787406067, 0.000000471424008, 0.000000000000000
-0.000002795765442, 0.000000415531203, 0.000000000000000
-0.000002803069775, 0.000000359480703, 0.000000000000000
-0.000002809316282, 0.000000303292424, 0.000000000000000
-0.000002814502552, 0.000000246986328, 0.000000000000000
-0.000002818626555, 0.000000190582422, 0.000000000000000
-0.000002821686633, 0.000000134100746, 0.000000000000000
-0.000002823681509, 0.000000077561369, 0.000000000000000
-0.000002824610287, 0.000000020984379, 0.000000000000000
-0.000002824472445, -0.000000035610121, 0.000000000000000
-0.000002823267843, -0.000000092202023, 0.000000000000000
-0.000002820996719, -0.000000148771219, 0.000000000000000
-0.000002817659692, -0.000000205297610, 0.000000000000000
-0.000002813257758, -0.000000261761112, 0.000000000000000
-0.000002807792291, -0.000000318141663, 0.000000000000000
-0.000002801265044, -0.000000374419231, 0.000000000000000
-0.000002793678148, -0.000000430573819, 0.000000000000000
-0.000002785034110, -0.000000486585477, 0.000000000000000
-0.000002775335811, -0.000000542434302, 0.000000000000000
-0.000002764586509, -0.000000598100452, 0.000000000000000
-0.000002752789835, -0.000000653564148, 0.000000000000000
-0.000002739949791, -0.000000708805684, 0.000000000000000
-0.000002726070752, -0.000000763805432, 0.000000000000000
-0.000002711157460, -0.000000818543852, 0.000000000000000
-0.000002695215026, -0.000000873001494, 0.000000000000000
-0.000002678248926, -0.000000927159011, 0.000000000000000
-0.000002660265000, -0.000000980997160, 0.000000000000000
-0.000002641269449, -0.000001034496813, 0.000000000000000
-0.000002621268836, -0.000001087638962, 0.000000000000000
-0.000002600270078, -0.000001140404726, 0.000000000000000
-0.000002578280448, -0.000001192775358, 0.000000000000000
-0.000002555307572, -0.000001244732252, 0.000000000000000
-0.000002531359425, -0.000001296256947, 0.000000000000000
-0.000002506444327, -0.000001347331140, 0.000000000000000
-0.000002480570943, -0.000001397936683, 0.000000000000000
-0.000002453748279, -0.000001448055597, 0.000000000000000
-0.000002425985677, -0.000001497670078, 0.000000000000000
-0.000002397292814, -0.000001546762498, 0.000000000000000
-0.000002367679697, -0.000001595315416, 0.000000000000000
-0.000002337156659, -0.000001643311584, 0.000000000000000
-0.000002305734360, -0.000001690733949, 0.000000000000000
-0.000002273423774, -0.000001737565664, 0.000000000000000
-0.000002240236196, -0.000001783790094, 0.000000000000000
-0.000002206183229, -0.000001829390815, 0.000000000000000
-0.000002171276784, -0.000001874351628, 0.000000000000000
-0.000002135529077, -0.000001918656562, 0.000000000000000
-0.000002098952621, -0.000001962289877, 0.000000000000000
-0.000002061560225, -0.000002005236073, 0.000000000000000
-0.000002023364986, -0.000002047479895, 0.000000000000000
-0.000001984380288, -0.000002089006335, 0.000000000000000
-0.000001944619794, -0.000002129800643, 0.000000000000000
-0.000001904097443, -0.000002169848328, 0.000000000000000
-0.000001862827446, -0.000002209135164, 0.000000000000000
-0.000001820824277, -0.000002247647196, 0.000000000000000
-0.000001778102673, -0.000002285370744, 0.000000000000000
-0.000001734677625, -0.000002322292410, 0.000000000000000
-0.000001690564373, -0.000002358399078, 0.000000000000000
-0.000001645778403, -0.000002393677924, 0.000000000000000
-0.000001600335440, -0.000002428116417, 0.000000000000000
-0.000001554251440, -0.000002461702327, 0.000000000000000
-0.000001507542588, -0.000002494423723, 0.000000000000000
-0.000001460225293, -0.000002526268985, 0.000000000000000
-0.000001412316177, -0.000002557226803, 0.000000000000000
-0.000001363832074, -0.000002587286182, 0.000000000000000
-0.000001314790020, -0.000002616436447, 0.000000000000000
-0.000001265207252, -0.000002644667245, 0.000000000000000
-0.000001215101197, -0.000002671968551, 0.000000000000000
-0.000001164489469, -0.000002698330670, 0.000000000000000
-0.000001113389860, -0.000002723744241, 0.000000000000000
-0.000001061820336, -0.000002748200240, 0.000000000000000
-0.000001009799030, -0.000002771689982, 0.000000000000000
-0.000000957344236, -0.000002794205128, 0.000000000000000
-0.000000904474400, -0.000002815737682, 0.000000000000000
-0.000000851208117, -0.000002836280001, 0.000000000000000
-0.000000797564122, -0.000002855824790, 0.000000000000000
-0.000000743561284, -0.000002874365111, 0.000000000000000
-0.000000689218599, -0.000002891894383, 0.000000000000000
-0.000000634555184, -0.000002908406383, 0.000000000000000
-0.000000579590270, -0.000002923895249, 0.000000000000000
-0.000000524343194, -0.000002938355485, 0.000000000000000
-0.000000468833395, -0.000002951781958, 0.000000000000000
-0.000000413080403, -0.000002964169905, 0.000000000000000
-0.000000357103834, -0.000002975514928, 0.000000000000000
-0.000000300923386, -0.000002985813003, 0.000000000000000
-0.000000244558827, -0.000002995060476, 0.000000000000000
-0.000000188029991, -0.000003003254069, 0.000000000000000
-0.000000131356769, -0.000003010390874, 0.000000000000000
-0.000000074559105, -0.000003016468363, 0.000000000000000
-0.000000017656985, -0.000003021484381, 0.000000000000000
0.000000039329566, -0.000003025437151, 0.000000000000000
0.000000096380495, -0.000003028325276, 0.000000000000000
0.000000153475725, -0.000003030147733, 0.000000000000000
0.000000210595164, -0.000003030903881, 0.000000000000000
0.000000267718712, -0.000003030593456, 0.000000000000000
0.000000324826268, -0.000003029216574, 0.000000000000000
0.000000381897735, -0.000003026773729, 0.000000000000000
0.000000438913032, -0.000003023265794, 0.000000000000000
0.000000495852094, -0.000003018694019, 0.000000000000000
0.000000552694887, -0.000003013060036, 0.000000000000000
0.000000609421411, -0.000003006365848, 0.000000000000000
0.000000666011704, -0.000002998613840, 0.000000000000000
0.000000722445858, -0.000002989806770, 0.000000000000000
0.000000778704016, -0.000002979947772, 0.000000000000000
0.000000834766386, -0.000002969040352, 0.000000000000000
0.000000890613245, -0.000002957088389, 0.000000000000000
0.000000946224948, -0.000002944096134, 0.000000000000000
0.000001001581931, -0.000002930068207, 0.000000000000000
0.000001056664723, -0.000002915009594, 0.000000000000000
0.000001111453950, -0.000002898925650, 0.000000000000000
0.000001165930343, -0.000002881822092, 0.000000000000000
0.000001220074742, -0.000002863705000, 0.000000000000000
0.000001273868109, -0.000002844580813, 0.000000000000000
0.000001327291526, -0.000002824456328, 0.000000000000000
0.000001380326210, -0.000002803338698, 0.000000000000000
0.000001432953516, -0.000002781235429, 0.000000000000000
0.000001485154943, -0.000002758154374, 0.000000000000000
0.000001536912141, -0.000002734103736, 0.000000000000000
0.000001588206919, -0.000002709092062, 0.000000000000000
0.000001639021250, -0.000002683128239, 0.000000000000000
0.000001689337277, -0.000002656221493, 0.000000000000000
0.000001739137321, -0.000002628381385, 0.000000000000000
0.000001788403887, -0.000002599617806, 0.000000000000000
0.000001837119667, -0.000002569940976, 0.000000000000000
0.000001885267552, -0.000002539361439, 0.000000000000000
0.000001932830633, -0.000002507890060, 0.000000000000000
0.000001979792209, -0.000002475538020, 0.000000000000000
0.000002026135793, -0.000002442316812, 0.000000000000000
0.000002071845117, -0.000002408238239, 0.000000000000000
0.000002116904140, -0.000002373314407, 0.000000000000000
0.000002161297049, -0.000002337557723, 0.000000000000000
0.000002205008270, -0.000002300980890, 0.000000000000000
0.000002248022472, -0.000002263596901, 0.000000000000000
0.000002290324569, -0.000002225419036, 0.000000000000000
0.000002331899730, -0.000002186460856, 0.000000000000000
0.000002372733381, -0.000002146736201, 0.000000000000000
0.000002412811212, -0.000002106259182, 0.000000000000000
0.000002452119182, -0.000002065044176, 0.000000000000000
0.000002490643522, -0.000002023105823, 0.000000000000000
0.000002528370742, -0.000001980459021, 0.000000000000000
0.000002565287636, -0.000001937118916, 0.000000000000000
0.000002601381285, -0.000001893100904, 0.000000000000000
0.000002636639063, -0.000001848420618, 0.000000000000000
0.000002671048639, -0.000001803093930, 0.000000000000000
0.000002704597986, -0.000001757136937, 0.000000000000000
0.000002737275380, -0.000001710565964, 0.000000000000000
0.000002769069409, -0.000001663397550, 0.000000000000000
0.000002799968973, -0.000001615648450, 0.000000000000000
0.000002829963289, -0.000001567335621, 0.000000000000000
0.000002859041899, -0.000001518476223, 0.000000000000000
0.000002887194665, -0.000001469087610, 0.000000000000000
0.000002914411783, -0.000001419187321, 0.000000000000000
0.000002940683778, -0.000001368793080, 0.000000000000000
0.000002966001511, -0.000001317922784, 0.000000000000000
0.000002990356182, -0.000001266594500, 0.000000000000000
0.000003013739335, -0.000001214826457, 0.000000000000000
0.000003036142856, -0.000001162637040, 0.000000000000000
0.000003057558979, -0.000001110044785, 0.000000000000000
0.000003077980292, -0.000001057068369, 0.000000000000000
0.000003097399733, -0.000001003726606, 0.000000000000000
0.000003115810596, -0.000000950038440, 0.000000000000000
0.000003133206534, -0.000000896022938, 0.000000000000000
0.000003149581560, -0.000000841699283, 0.000000000000000
0.000003164930051, -0.000000787086767, 0.000000000000000
0.000003179246745, -0.000000732204784, 0.000000000000000
0.000003192526750, -0.000000677072826, 0.000000000000000
0.000003204765539, -0.000000621710470, 0.000000000000000
0.000003215958958, -0.000000566137378, 0.000000000000000
0.000003226103221, -0.000000510373286, 0.000000000000000
0.000003235194915, -0.000000454437997, 0.000000000000000
0.000003243231004, -0.000000398351375, 0.000000000000000
0.000003250208822, -0.000000342133337, 0.000000000000000
0.000003256126083, -0.000000285803849, 0.000000000000000
0.000003260980874, -0.000000229382915, 0.000000000000000
0.000003264771661, -0.000000172890570, 0.000000000000000
0.000003267497287, -0.000000116346877, 0.000000000000000
0.000003269156975, -0.000000059771915, 0.000000000000000
0.000003269750325, -0.000000003185776, 0.000000000000000
0.000003269277315, 0.000000053391444, 0.000000000000000
0.000003267738303, 0.000000109939655, 0.000000000000000
0.000003265134023, 0.000000166438775, 0.000000000000000
0.000003261465592, 0.000000222868739, 0.000000000000000
0.000003256734499, 0.000000279209507, 0.000000000000000
0.000003250942614, 0.000000335441072, 0.000000000000000
0.000003244092184, 0.000000391543464, 0.000000000000000
0.000003236185828, 0.000000447496761, 0.000000000000000
0.000003227226545, 0.000000503281090, 0.000000000000000
0.000003217217703, 0.000000558876643, 0.000000000000000
0.000003206163046, 0.000000614263675, 0.000000000000000
0.000003194066688, 0.000000669422516, 0.000000000000000
0.000003180933114, 0.000000724333578, 0.000000000000000
0.000003166767175, 0.000000778977361, 0.000000000000000
0.000003151574089, 0.000000833334458, 0.000000000000000
0.000003135359442, 0.000000887385566, 0.000000000000000
0.000003118129179, 0.000000941111488, 0.000000000000000
0.000003099889606, 0.000000994493146, 0.000000000000000
0.000003080647390, 0.000001047511580, 0.000000000000000
0.000003060409550, 0.000001100147961, 0.000000000000000
0.000003039183463, 0.000001152383597, 0.000000000000000
0.000003016976853, 0.000001204199936, 0.000000000000000
0.000002993797795, 0.000001255578576, 0.000000000000000
0.000002969654707, 0.000001306501269, 0.000000000000000
0.000002944556350, 0.000001356949930, 0.000000000000000
0.000002918511827, 0.000001406906642, 0.000000000000000
0.000002891530572, 0.000001456353663, 0.000000000000000
0.000002863622356, 0.000001505273430, 0.000000000000000
0.000002834797277, 0.000001553648570, 0.000000000000000
0.000002805065758, 0.000001601461901, 0.000000000000000
0.000002774438546, 0.000001648696441, 0.000000000000000
0.000002742926704, 0.000001695335414, 0.000000000000000
0.000002710541611, 0.000001741362256, 0.000000000000000
0.000002677294955, 0.000001786760617, 0.000000000000000
0.000002643198731, 0.000001831514374, 0.000000000000000
0.000002608265233, 0.000001875607630, 0.000000000000000
0.000002572507056, 0.000001919024724, 0.000000000000000
0.000002535937086, 0.000001961750235, 0.000000000000000
0.000002498568497, 0.000002003768986, 0.000000000000000
0.000002460414747, 0.000002045066052, 0.000000000000000
0.000002421489574, 0.000002085626765, 0.000000000000000
0.000002381806989, 0.000002125436716, 0.000000000000000
0.000002341381272, 0.000002164481765, 0.000000000000000
0.000002300226967, 0.000002202748041, 0.000000000000000
0.000002258358877, 0.000002240221953, 0.000000000000000
0.000002215792059, 0.000002276890186, 0.000000000000000
0.000002172541816, 0.000002312739717, 0.000000000000000
0.000002128623698, 0.000002347757808, 0.000000000000000
0.000002084053489, 0.000002381932021, 0.000000000000000
0.000002038847204, 0.000002415250215, 0.000000000000000
0.000001993021088, 0.000002447700552, 0.000000000000000
0.000001946591602, 0.000002479271504, 0.000000000000000
0.000001899575423, 0.000002509951855, 0.000000000000000
0.000001851989438, 0.000002539730705, 0.000000000000000
0.000001803850734, 0.000002568597473, 0.000000000000000
0.000001755176596, 0.000002596541903, 0.000000000000000
0.000001705984499, 0.000002623554065, 0.000000000000000
0.000001656292102, 0.000002649624363, 0.000000000000000
0.000001606117241, 0.000002674743532, 0.000000000000000
0.000001555477924, 0.000002698902647, 0.000000000000000
0.000001504392326, 0.000002722093122, 0.000000000000000
0.000001452878778, 0.000002744306716, 0.000000000000000
0.000001400955764, 0.000002765535536, 0.000000000000000
0.000001348641914, 0.000002785772037, 0.000000000000000
0.000001295955996, 0.000002805009027, 0.000000000000000
0.000001242916912, 0.000002823239667, 0.000000000000000
0.000001189543689, 0.000002840457480, 0.000000000000000
0.000001135855471, 0.000002856656343, 0.000000000000000
0.000001081871516, 0.000002871830499, 0.000000000000000
0.000001027611187, 0.000002885974554, 0.000000000000000
0.000000973093946, 0.000002899083478, 0.000000000000000
0.000000918339344, 0.000002911152611, 0.000000000000000
0.000000863367018, 0.000002922177660, 0.000000000000000
0.000000808196683, 0.000002932154705, 0.000000000000000
0.000000752848125, 0.000002941080196, 0.000000000000000
0.000000697341191, 0.000002948950959, 0.000000000000000
0.000000641695787, 0.000002955764192, 0.000000000000000
0.000000585931867, 0.000002961517471, 0.000000000000000
0.000000530069427, 0.000002966208746, 0.000000000000000
0.000000474128500, 0.000002969836346, 0.000000000000000
0.000000418129144, 0.000002972398978, 0.000000000000000
0.000000362091442, 0.000002973895725, 0.000000000000000
0.000000306035488, 0.000002974326052, 0.000000000000000
0.000000249981383, 0.000002973689800, 0.000000000000000
0.000000193949228, 0.000002971987190, 0.000000000000000
0.000000137959116, 0.000002969218821, 0.000000000000000
0.000000082031126, 0.000002965385672, 0.000000000000000
0.000000026185315, 0.000002960489099, 0.000000000000000
-0.000000029558291, 0.000002954530837, 0.000000000000000
-0.000000085179699, 0.000002947512996, 0.000000000000000
-0.000000140658961, 0.000002939438065, 0.000000000000000
-0.000000195976179, 0.000002930308908, 0.000000000000000
-0.000000251111512, 0.000002920128761, 0.000000000000000
-0.000000306045184, 0.000002908901237, 0.000000000000000
-0.000000360757491, 0.000002896630318, 0.000000000000000
-0.000000415228806, 0.000002883320359, 0.000000000000000
-0.000000469439587, 0.000002868976084, 0.000000000000000
-0.000000523370388, 0.000002853602582, 0.000000000000000
-0.000000577001858, 0.000002837205311, 0.000000000000000
-0.000000630314754, 0.000002819790090, 0.000000000000000
-0.000000683289946, 0.000002801363102, 0.000000000000000
-0.000000735908425, 0.000002781930889, 0.000000000000000
-0.000000788151305, 0.000002761500348, 0.000000000000000
-0.000000839999838, 0.000002740078733, 0.000000000000000
-0.000000891435411, 0.000002717673650, 0.000000000000000
-0.000000942439563, 0.000002694293054, 0.000000000000000
-0.000000992993980, 0.000002669945247, 0.000000000000000
-0.000001043080513, 0.000002644638874, 0.000000000000000
-0.000001092681177, 0.000002618382921, 0.000000000000000
-0.000001141778158, 0.000002591186712, 0.000000000000000
-0.000001190353822, 0.000002563059904, 0.000000000000000
-0.000001238390722, 0.000002534012487, 0.000000000000000
-0.000001285871599, 0.000002504054775, 0.000000000000000
-0.000001332779394, 0.000002473197408, 0.000000000000000
-0.000001379097250, 0.000002441451344, 0.000000000000000
-0.000001424808519, 0.000002408827859, 0.000000000000000
-0.000001469896770, 0.000002375338540, 0.000000000000000
-0.000001514345793, 0.000002340995279, 0.000000000000000
-0.000001558139605, 0.000002305810276, 0.000000000000000
-0.000001601262453, 0.000002269796028, 0.000000000000000
-0.000001643698827, 0.000002232965326, 0.000000000000000
-0.000001685433457, 0.000002195331252, 0.000000000000000
-0.000001726451324, 0.000002156907175, 0.000000000000000
-0.000001766737663, 0.000002117706741, 0.000000000000000
-0.000001806277969, 0.000002077743877, 0.000000000000000
-0.000001845058003, 0.000002037032777, 0.000000000000000
-0.000001883063794, 0.000001995587902, 0.000000000000000
-0.000001920281647, 0.000001953423975, 0.000000000000000
-0.000001956698147, 0.000001910555974, 0.000000000000000
-0.000001992300165, 0.000001866999126, 0.000000000000000
-0.000002027074859, 0.000001822768906, 0.000000000000000
-0.000002061009683, 0.000001777881025, 0.000000000000000
-0.000002094092386, 0.000001732351429, 0.000000000000000
-0.000002126311025, 0.000001686196293, 0.000000000000000
-0.000002157653959, 0.000001639432013, 0.000000000000000
-0.000002188109861, 0.000001592075204, 0.000000000000000
-0.000002217667718, 0.000001544142688, 0.000000000000000
-0.000002246316838, 0.000001495651494, 0.000000000000000
-0.000002274046848, 0.000001446618851, 0.000000000000000
-0.000002300847705, 0.000001397062176, 0.000000000000000
-0.000002326709696, 0.000001346999077, 0.000000000000000
-0.000002351623439, 0.000001296447339, 0.000000000000000
-0.000002375579892, 0.000001245424923, 0.000000000000000
-0.000002398570351, 0.000001193949956, 0.000000000000000
-0.000002420586457, 0.000001142040725, 0.000000000000000
-0.000002441620195, 0.000001089715673, 0.000000000000000
-0.000002461663901, 0.000001036993390, 0.000000000000000
-0.000002480710262, 0.000000983892609, 0.000000000000000
-0.000002498752320, 0.000000930432195, 0.000000000000000
-0.000002515783473, 0.000000876631142, 0.000000000000000
-0.000002531797480, 0.000000822508566, 0.000000000000000
-0.000002546788458, 0.000000768083695, 0.000000000000000
-0.000002560750892, 0.000000713375868, 0.000000000000000
-0.000002573679628, 0.000000658404520, 0.000000000000000
-0.000002585569884, 0.000000603189184, 0.000000000000000
-0.000002596417244, 0.000000547749478, 0.000000000000000
-0.000002606217662, 0.000000492105099, 0.000000000000000
-0.000002614967467, 0.000000436275819, 0.000000000000000
-0.000002622663360, 0.000000380281472, 0.000000000000000
-0.000002629302414, 0.000000324141955, 0.000000000000000
-0.000002634882083, 0.000000267877214, 0.000000000000000
-0.000002639400192, 0.000000211507240, 0.000000000000000
-0.000002642854947, 0.000000155052062, 0.000000000000000
-0.000002645244930, 0.000000098531738, 0.000000000000000
-0.000002646569103, 0.000000041966351, 0.000000000000000
-0.000002646826805, -0.000000014624002, 0.000000000000000
-0.000002646017754, -0.000000071219213, 0.000000000000000
-0.000002644142050, -0.000000127799174, 0.000000000000000
-0.000002641200169, -0.000000184343781, 0.000000000000000
-0.000002637192967, -0.000000240832944, 0.000000000000000
-0.000002632121678, -0.000000297246592, 0.000000000000000
-0.000002625987916, -0.000000353564681, 0.000000000000000
-0.000002618793670, -0.000000409767200, 0.000000000000000
-0.000002610541308, -0.000000465834181, 0.000000000000000
-0.000002601233574, -0.000000521745703, 0.000000000000000
-0.000002590873585, -0.000000577481900, 0.000000000000000
-0.000002579464835, -0.000000633022969, 0.000000000000000
-0.000002567011187, -0.000000688349177, 0.000000000000000
-0.000002553516878, -0.000000743440865, 0.000000000000000
-0.000002538986516, -0.000000798278459, 0.000000000000000
-0.000002523425073, -0.000000852842477, 0.000000000000000
-0.000002506837891, -0.000000907113532, 0.000000000000000
-0.000002489230676, -0.000000961072340, 0.000000000000000
-0.000002470609494, -0.000001014699732, 0.000000000000000
-0.000002450980775, -0.000001067976654, 0.000000000000000
-0.000002430351304, -0.000001120884176, 0.000000000000000
-0.000002408728224, -0.000001173403503, 0.000000000000000
-0.000002386119029, -0.000001225515973, 0.000000000000000
-0.000002362531565, -0.000001277203072, 0.000000000000000
-0.000002337974025, -0.000001328446438, 0.000000000000000
-0.000002312454946, -0.000001379227863, 0.000000000000000
-0.000002285983208, -0.000001429529308, 0.000000000000000
-0.000002258568029, -0.000001479332900, 0.000000000000000
-0.000002230218962, -0.000001528620946, 0.000000000000000
-0.000002200945892, -0.000001577375935, 0.000000000000000
-0.000002170759032, -0.000001625580547, 0.000000000000000
-0.000002139668921, -0.000001673217656, 0.000000000000000
-0.000002107686416, -0.000001720270338, 0.000000000000000
-0.000002074822695, -0.000001766721878, 0.000000000000000
-0.000002041089246, -0.000001812555774, 0.000000000000000
-0.000002006497867, -0.000001857755742, 0.000000000000000
-0.000001971060662, -0.000001902305727, 0.000000000000000
-0.000001934790033, -0.000001946189901, 0.000000000000000
-0.000001897698680, -0.000001989392676, 0.000000000000000
-0.000001859799594, -0.000002031898704, 0.000000000000000
-0.000001821106054, -0.000002073692886, 0.000000000000000
-0.000001781631618, -0.000002114760376, 0.000000000000000
-0.000001741390126, -0.000002155086585, 0.000000000000000
-0.000001700395687, -0.000002194657189, 0.000000000000000
-0.000001658662678, -0.000002233458131, 0.000000000000000
-0.000001616205740, -0.000002271475630, 0.000000000000000
-0.000001573039770, -0.000002308696182, 0.000000000000000
-0.000001529179916, -0.000002345106566, 0.000000000000000
-0.000001484641573, -0.000002380693849, 0.000000000000000
-0.000001439440379, -0.000002415445391, 0.000000000000000
-0.000001393592204, -0.000002449348850, 0.000000000000000
-0.000001347113151, -0.000002482392184, 0.000000000000000
-0.000001300019544, -0.000002514563656, 0.000000000000000
-0.000001252327928, -0.000002545851841, 0.000000000000000
-0.000001204055058, -0.000002576245628, 0.000000000000000
-0.000001155217898, -0.000002605734221, 0.000000000000000
-0.000001105833609, -0.000002634307148, 0.000000000000000
-0.000001055919549, -0.000002661954263, 0.000000000000000
-0.000001005493263, -0.000002688665747, 0.000000000000000
-0.000000954572478, -0.000002714432115, 0.000000000000000
-0.000000903175097, -0.000002739244217, 0.000000000000000
-0.000000851319192, -0.000002763093243, 0.000000000000000
-0.000000799022996, -0.000002785970725, 0.000000000000000
-0.000000746304901, -0.000002807868540, 0.000000000000000
-0.000000693183447, -0.000002828778913, 0.000000000000000
-0.000000639677318, -0.000002848694419, 0.000000000000000
-0.000000585805334, -0.000002867607989, 0.000000000000000
-0.000000531586445, -0.000002885512909, 0.000000000000000
-0.000000477039724, -0.000002902402822, 0.000000000000000
-0.000000422184360, -0.000002918271732, 0.000000000000000
-0.000000367039652, -0.000002933114009, 0.000000000000000
-0.000000311625001, -0.000002946924383, 0.000000000000000
-0.000000255959905, -0.000002959697953, 0.000000000000000
-0.000000200063949, -0.000002971430188, 0.000000000000000
-0.000000143956801, -0.000002982116924, 0.000000000000000
-0.000000087658204, -0.000002991754369, 0.000000000000000
-0.000000031187968, -0.000003000339106, 0.000000000000000
0.000000025434036, -0.000003007868090, 0.000000000000000
0.000000082187883, -0.000003014338652, 0.000000000000000
0.000000139053601, -0.000003019748497, 0.000000000000000
0.000000196011180, -0.000003024095710, 0.000000000000000
0.000000253040575, -0.000003027378752, 0.000000000000000
0.000000310121718, -0.000003029596461, 0.000000000000000
0.000000367234523, -0.000003030748054, 0.000000000000000
0.000000424358890, -0.000003030833129, 0.000000000000000
0.000000481474718, -0.000003029851659, 0.000000000000000
0.000000538561908, -0.000003027803999, 0.000000000000000
0.000000595600371, -0.000003024690881, 0.000000000000000
0.000000652570038, -0.000003020513417, 0.000000000000000
0.000000709450861, -0.000003015273094, 0.000000000000000
0.000000766222826, -0.000003008971781, 0.000000000000000
0.000000822865957, -0.000003001611719, 0.000000000000000
0.000000879360326, -0.000002993195529, 0.000000000000000
0.000000935686054, -0.000002983726204, 0.000000000000000
0.000000991823326, -0.000002973207114, 0.000000000000000
0.000001047752391, -0.000002961642000, 0.000000000000000
0.000001103453576, -0.000002949034975, 0.000000000000000
0.000001158907285, -0.000002935390521, 0.000000000000000
0.000001214094012, -0.000002920713490, 0.000000000000000
0.000001268994346, -0.000002905009100, 0.000000000000000
0.000001323588979, -0.000002888282934, 0.000000000000000
0.000001377858709, -0.000002870540937, 0.000000000000000
0.000001431784452, -0.000002851789415, 0.000000000000000
0.000001485347246, -0.000002832035034, 0.000000000000000
0.000001538528256, -0.000002811284815, 0.000000000000000
0.000001591308785, -0.000002789546132, 0.000000000000000
0.000001643670277, -0.000002766826710, 0.000000000000000
0.000001695594328, -0.000002743134624, 0.000000000000000
0.000001747062684, -0.000002718478292, 0.000000000000000
0.000001798057259, -0.000002692866476, 0.000000000000000
0.000001848560131, -0.000002666308278, 0.000000000000000
0.000001898553554, -0.000002638813132, 0.000000000000000
0.000001948019965, -0.000002610390810, 0.000000000000000
0.000001996941986, -0.000002581051410, 0.000000000000000
0.000002045302433, -0.000002550805355, 0.000000000000000
0.000002093084322, -0.000002519663393, 0.000000000000000
0.000002140270874, -0.000002487636586, 0.000000000000000
0.000002186845522, -0.000002454736314, 0.000000000000000
0.000002232791917, -0.000002420974264, 0.000000000000000
0.000002278093932, -0.000002386362431, 0.000000000000000
0.000002322735670, -0.000002350913112, 0.000000000000000
0.000002366701467, -0.000002314638898, 0.000000000000000
0.000002409975901, -0.000002277552676, 0.000000000000000
0.000002452543795, -0.000002239667622, 0.000000000000000
0.000002494390223, -0.000002200997191, 0.000000000000000
0.000002535500514, -0.000002161555122, 0.000000000000000
0.000002575860261, -0.000002121355424, 0.000000000000000
0.000002615455322, -0.000002080412377, 0.000000000000000
0.000002654271826, -0.000002038740525, 0.000000000000000
0.000002692296180, -0.000001996354670, 0.000000000000000
0.000002729515072, -0.000001953269866, 0.000000000000000
0.000002765915475, -0.000001909501418, 0.000000000000000
0.000002801484654, -0.000001865064872, 0.000000000000000
0.000002836210170, -0.000001819976011, 0.000000000000000
0.000002870079880, -0.000001774250850, 0.000000000000000
0.000002903081950, -0.000001727905629, 0.000000000000000
0.000002935204849, -0.000001680956810, 0.000000000000000
0.000002966437363, -0.000001633421067, 0.000000000000000
0.000002996768590, -0.000001585315284, 0.000000000000000
0.000003026187951, -0.000001536656546, 0.000000000000000
0.000003054685190, -0.000001487462136, 0.000000000000000
0.000003082250377, -0.000001437749524, 0.000000000000000
0.000003108873916, -0.000001387536368, 0.000000000000000
0.000003134546542, -0.000001336840500, 0.000000000000000
0.000003159259330, -0.000001285679925, 0.000000000000000
0.000003183003695, -0.000001234072813, 0.000000000000000
0.000003205771397, -0.000001182037492, 0.000000000000000
0.000003227554540, -0.000001129592443, 0.000000000000000
0.000003248345580, -0.000001076756291, 0.000000000000000
0.000003268137325, -0.000001023547800, 0.000000000000000
0.000003286922937, -0.000000969985866, 0.000000000000000
0.000003304695937, -0.000000916089513, 0.000000000000000
0.000003321450202, -0.000000861877880, 0.000000000000000
0.000003337179975, -0.000000807370219, 0.000000000000000
0.000003351879859, -0.000000752585889, 0.000000000000000
0.000003365544826, -0.000000697544345, 0.000000000000000
0.000003378170212, -0.000000642265134, 0.000000000000000
0.000003389751725, -0.000000586767888, 0.000000000000000
0.000003400285443, -0.000000531072314, 0.000000000000000
0.000003409767814, -0.000000475198192, 0.000000000000000
0.000003418195662, -0.000000419165365, 0.000000000000000
0.000003425566184, -0.000000362993732, 0.000000000000000
0.000003431876953, -0.000000306703239, 0.000000000000000
0.000003437125916, -0.000000250313879, 0.000000000000000
0.000003441311401, -0.000000193845674, 0.000000000000000
0.000003444432111, -0.000000137318680, 0.000000000000000
0.000003446487126, -0.000000080752970, 0.000000000000000
0.000003447475907, -0.000000024168632, 0.000000000000000
0.000003447398291, 0.000000032414240, 0.000000000000000
0.000003446254497, 0.000000088975551, 0.000000000000000
0.000003444045119, 0.000000145495216, 0.000000000000000
0.000003440771131, 0.000000201953163, 0.000000000000000
0.000003436433885, 0.000000258329342, 0.000000000000000
0.000003431035111, 0.000000314603733, 0.000000000000000
0.000003424576913, 0.000000370756351, 0.000000000000000
0.000003417061775, 0.000000426767255, 0.000000000000000
0.000003408492554, 0.000000482616554, 0.000000000000000
0.000003398872481, 0.000000538284414, 0.000000000000000
0.000003388205163, 0.000000593751066, 0.000000000000000
0.000003376494574, 0.000000648996813, 0.000000000000000
0.000003363745063, 0.000000704002034, 0.000000000000000
0.000003349961344, 0.000000758747197, 0.000000000000000
0.000003335148503, 0.000000813212858, 0.000000000000000
0.000003319311986, 0.000000867379675, 0.000000000000000
0.000003302457605, 0.000000921228412, 0.000000000000000
0.000003284591535, 0.000000974739945, 0.000000000000000
0.000003265720308, 0.000001027895270, 0.000000000000000
0.000003245850813, 0.000001080675509, 0.000000000000000
0.000003224990295, 0.000001133061919, 0.000000000000000
0.000003203146348, 0.000001185035893, 0.000000000000000
0.000003180326918, 0.000001236578973, 0.000000000000000
0.000003156540297, 0.000001287672855, 0.000000000000000
0.000003131795119, 0.000001338299392, 0.000000000000000
0.000003106100359, 0.000001388440603, 0.000000000000000
0.000003079465331, 0.000001438078682, 0.000000000000000
0.000003051899679, 0.000001487195998, 0.000000000000000
0.000003023413382, 0.000001535775106, 0.000000000000000
0.000002994016742, 0.000001583798754, 0.000000000000000
0.000002963720386, 0.000001631249885, 0.000000000000000
0.000002932535262, 0.000001678111645, 0.000000000000000
0.000002900472630, 0.000001724367390, 0.000000000000000
0.000002867544066, 0.000001770000692, 0.000000000000000
0.000002833761450, 0.000001814995342, 0.000000000000000
0.000002799136966, 0.000001859335358, 0.000000000000000
0.000002763683099, 0.000001903004993, 0.000000000000000
0.000002727412626, 0.000001945988734, 0.000000000000000
0.000002690338616, 0.000001988271313, 0.000000000000000
0.000002652474422, 0.000002029837713, 0.000000000000000
0.000002613833678, 0.000002070673168, 0.000000000000000
0.000002574430295, 0.000002110763174, 0.000000000000000
0.000002534278454, 0.000002150093489, 0.000000000000000
0.000002493392601, 0.000002188650143, 0.000000000000000
0.000002451787444, 0.000002226419440, 0.000000000000000
0.000002409477946, 0.000002263387962, 0.000000000000000
0.000002366479321, 0.000002299542577, 0.000000000000000
0.000002322807027, 0.000002334870442, 0.000000000000000
0.000002278476760, 0.000002369359006, 0.000000000000000
0.000002233504453, 0.000002402996017, 0.000000000000000
0.000002187906265, 0.000002435769525, 0.000000000000000
0.000002141698577, 0.000002467667887, 0.000000000000000
0.000002094897989, 0.000002498679771, 0.000000000000000
0.000002047521308, 0.000002528794157, 0.000000000000000
0.000001999585549, 0.000002558000348, 0.000000000000000
0.000001951107924, 0.000002586287965, 0.000000000000000
0.000001902105838, 0.000002613646958, 0.000000000000000
0.000001852596882, 0.000002640067607, 0.000000000000000
0.000001802598829, 0.000002665540523, 0.000000000000000
0.000001752129623, 0.000002690056654, 0.000000000000000
0.000001701207377, 0.000002713607289, 0.000000000000000
0.000001649850366, 0.000002736184059, 0.000000000000000
0.000001598077017, 0.000002757778941, 0.000000000000000
0.000001545905907, 0.000002778384261, 0.000000000000000
0.000001493355755, 0.000002797992694, 0.000000000000000
0.000001440445413, 0.000002816597273, 0.000000000000000
0.000001387193861, 0.000002834191384, 0.000000000000000
0.000001333620202, 0.000002850768773, 0.000000000000000
0.000001279743653, 0.000002866323548, 0.000000000000000
0.000001225583538, 0.000002880850179, 0.000000000000000
0.000001171159283, 0.000002894343502, 0.000000000000000
0.000001116490407, 0.000002906798718, 0.000000000000000
0.000001061596517, 0.000002918211399, 0.000000000000000
0.000001006497298, 0.000002928577486, 0.000000000000000
0.000000951212512, 0.000002937893292, 0.000000000000000
0.000000895761983, 0.000002946155503, 0.000000000000000
0.000000840165596, 0.000002953361179, 0.000000000000000
0.000000784443289, 0.000002959507756, 0.000000000000000
0.000000728615044, 0.000002964593045, 0.000000000000000
0.000000672700879, 0.000002968615235, 0.000000000000000
0.000000616720845, 0.000002971572892, 0.000000000000000
0.000000560695016, 0.000002973464960, 0.000000000000000
0.000000504643482, 0.000002974290761, 0.000000000000000
0.000000448586344, 0.000002974049998, 0.000000000000000
0.000000392543702, 0.000002972742751, 0.000000000000000
0.000000336535654, 0.000002970369479, 0.000000000000000
0.000000280582285, 0.000002966931020, 0.000000000000000
0.000000224703661, 0.000002962428589, 0.000000000000000
0.000000168919820, 0.000002956863782, 0.000000000000000
0.000000113250768, 0.000002950238570, 0.000000000000000
0.000000057716471, 0.000002942555301, 0.000000000000000
0.000000002336845, 0.000002933816699, 0.000000000000000
-0.000000052868245, 0.000002924025864, 0.000000000000000
-0.000000107879000, 0.000002913186269, 0.000000000000000
-0.000000162675687, 0.000002901301759, 0.000000000000000
-0.000000217238650, 0.000002888376551, 0.000000000000000
-0.000000271548315, 0.000002874415232, 0.000000000000000
-0.000000325585199, 0.000002859422756, 0.000000000000000
-0.000000379329916, 0.000002843404444, 0.000000000000000
-0.000000432763182, 0.000002826365983, 0.000000000000000
-0.000000485865823, 0.000002808313420, 0.000000000000000
-0.000000538618785, 0.000002789253164, 0.000000000000000
-0.000000591003137, 0.000002769191980, 0.000000000000000
-0.000000643000077, 0.000002748136992, 0.000000000000000
-0.000000694590942, 0.000002726095675, 0.000000000000000
-0.000000745757214, 0.000002703075854, 0.000000000000000
-0.000000796480524, 0.000002679085703, 0.000000000000000
-0.000000846742661, 0.000002654133741, 0.000000000000000
-0.000000896525577, 0.000002628228827, 0.000000000000000
-0.000000945811395, 0.000002601380160, 0.000000000000000
-0.000000994582414, 0.000002573597275, 0.000000000000000
-0.000001042821117, 0.000002544890038, 0.000000000000000
-0.000001090510173, 0.000002515268643, 0.000000000000000
-0.000001137632449, 0.000002484743610, 0.000000000000000
-0.000001184171013, 0.000002453325781, 0.000000000000000
-0.000001230109138, 0.000002421026312, 0.000000000000000
-0.000001275430312, 0.000002387856676, 0.000000000000000
-0.000001320118243, 0.000002353828654, 0.000000000000000
-0.000001364156862, 0.000002318954330, 0.000000000000000
-0.000001407530332, 0.000002283246093, 0.000000000000000
-0.000001450223050, 0.000002246716624, 0.000000000000000
-0.000001492219657, 0.000002209378899, 0.000000000000000
-0.000001533505041, 0.000002171246181, 0.000000000000000
-0.000001574064342, 0.000002132332013, 0.000000000000000
-0.000001613882958, 0.000002092650219, 0.000000000000000
-0.000001652946550, 0.000002052214894, 0.000000000000000
-0.000001691241048, 0.000002011040402, 0.000000000000000
-0.000001728752653, 0.000001969141368, 0.000000000000000
-0.000001765467848, 0.000001926532677, 0.000000000000000
-0.000001801373394, 0.000001883229464, 0.000000000000000
-0.000001836456345, 0.000001839247112, 0.000000000000000
-0.000001870704042, 0.000001794601245, 0.000000000000000
-0.000001904104127, 0.000001749307724, 0.000000000000000
-0.000001936644540, 0.000001703382639, 0.000000000000000
-0.000001968313529, 0.000001656842305, 0.000000000000000
-0.000001999099649, 0.000001609703256, 0.000000000000000
-0.000002028991771, 0.000001561982238, 0.000000000000000
-0.000002057979083, 0.000001513696205, 0.000000000000000
-0.000002086051093, 0.000001464862310, 0.000000000000000
-0.000002113197636, 0.000001415497903, 0.000000000000000
-0.000002139408876, 0.000001365620522, 0.000000000000000
-0.000002164675307, 0.000001315247887, 0.000000000000000
-0.000002188987762, 0.000001264397894, 0.000000000000000
-0.000002212337410, 0.000001213088609, 0.000000000000000
-0.000002234715764, 0.000001161338260, 0.000000000000000
-0.000002256114682, 0.000001109165235, 0.000000000000000
-0.000002276526369, 0.000001056588069, 0.000000000000000
-0.000002295943381, 0.000001003625442, 0.000000000000000
-0.000002314358629, 0.000000950296172, 0.000000000000000
-0.000002331765378, 0.000000896619205, 0.000000000000000
-0.000002348157252, 0.000000842613613, 0.000000000000000
-0.000002363528237, 0.000000788298583, 0.000000000000000
-0.000002377872681, 0.000000733693415, 0.000000000000000
-0.000002391185295, 0.000000678817507, 0.000000000000000
-0.000002403461159, 0.000000623690359, 0.000000000000000
-0.000002414695721, 0.000000568331556, 0.000000000000000
-0.000002424884799, 0.000000512760768, 0.000000000000000
-0.000002434024581, 0.000000456997738, 0.000000000000000
-0.000002442111630, 0.000000401062281, 0.000000000000000
-0.000002449142882, 0.000000344974269, 0.000000000000000
-0.000002455115649, 0.000000288753631, 0.000000000000000
-0.000002460027619, 0.000000232420343, 0.000000000000000
-0.000002463876856, 0.000000175994420, 0.000000000000000
-0.000002466661803, 0.000000119495911, 0.000000000000000
-0.000002468381280, 0.000000062944889, 0.000000000000000
-0.000002469034487, 0.000000006361449, 0.000000000000000
