-3.0025e-06, 0, 0
-3.0025e-06, -5.65959e-08, 0
-3.00144e-06, -1.13192e-07, 0
-2.9993e-06, -1.69768e-07, 0
-2.99611e-06, -2.26303e-07, 0
-2.99184e-06, -2.82779e-07, 0
-2.98652e-06, -3.39174e-07, 0
-2.98013e-06, -3.95469e-07, 0
-2.97269e-06, -4.51643e-07, 0
-2.9642e-06, -5.07678e-07, 0
-2.95465e-06, -5.63553e-07, 0
-2.94405e-06, -6.19249e-07, 0
-2.93241e-06, -6.74745e-07, 0
-2.91973e-06, -7.30023e-07, 0
-2.90601e-06, -7.85062e-07, 0
-2.89126e-06, -8.39844e-07, 0
-2.87549e-06, -8.94349e-07, 0
-2.8587e-06, -9.48559e-07, 0
-2.8409e-06, -1.00245e-06, 0
-2.82209e-06, -1.05601e-06, 0
-2.80228e-06, -1.10922e-06, 0
-2.78148e-06, -1.16206e-06, 0
-2.7597e-06, -1.2145e-06, 0
-2.73694e-06, -1.26654e-06, 0
-2.71321e-06, -1.31816e-06, 0
-2.68852e-06, -1.36932e-06, 0
-2.66288e-06, -1.42003e-06, 0
-2.6363e-06, -1.47026e-06, 0
-2.60878e-06, -1.51999e-06, 0
-2.58035e-06, -1.5692e-06, 0
-2.551e-06, -1.61789e-06, 0
-2.52076e-06, -1.66603e-06, 0
-2.48962e-06, -1.7136e-06, 0
-2.4576e-06, -1.76059e-06, 0
-2.42472e-06, -1.80699e-06, 0
-2.39098e-06, -1.85277e-06, 0
-2.3564e-06, -1.89792e-06, 0
-2.32099e-06, -1.94243e-06, 0
-2.28475e-06, -1.98628e-06, 0
-2.24772e-06, -2.02946e-06, 0
-2.20989e-06, -2.07195e-06, 0
-2.17128e-06, -2.11374e-06, 0
-2.13191e-06, -2.1548e-06, 0
-2.09179e-06, -2.19514e-06, 0
-2.05093e-06, -2.23474e-06, 0
-2.00935e-06, -2.27357e-06, 0
-1.96707e-06, -2.31164e-06, 0
-1.92409e-06, -2.34893e-06, 0
-1.88043e-06, -2.38541e-06, 0
-1.83612e-06, -2.4211e-06, 0
-1.79116e-06, -2.45596e-06, 0
-1.74557e-06, -2.48999e-06, 0
-1.69936e-06, -2.52319e-06, 0
-1.65256e-06, -2.55553e-06, 0
-1.60518e-06, -2.58701e-06, 0
-1.55724e-06, -2.61761e-06, 0
-1.50875e-06, -2.64734e-06, 0
-1.45972e-06, -2.67618e-06, 0
-1.41019e-06, -2.70411e-06, 0
-1.36016e-06, -2.73114e-06, 0
-1.30965e-06, -2.75725e-06, 0
-1.25868e-06, -2.78243e-06, 0
-1.20727e-06, -2.80668e-06, 0
-1.15543e-06, -2.82999e-06, 0
-1.10319e-06, -2.85236e-06, 0
-1.05055e-06, -2.87377e-06, 0
-9.97551e-07, -2.89423e-06, 0
-9.44194e-07, -2.91372e-06, 0
-8.90503e-07, -2.93224e-06, 0
-8.36496e-07, -2.94978e-06, 0
-7.82191e-07, -2.96635e-06, 0
-7.27607e-07, -2.98193e-06, 0
-6.72763e-07, -2.99652e-06, 0
-6.17676e-07, -3.01012e-06, 0
-5.62367e-07, -3.02272e-06, 0
-5.06852e-07, -3.03433e-06, 0
-4.51151e-07, -3.04494e-06, 0
-3.95283e-07, -3.05454e-06, 0
-3.39267e-07, -3.06314e-06, 0
-2.8312e-07, -3.07074e-06, 0
-2.26861e-07, -3.07733e-06, 0
-1.7051e-07, -3.08291e-06, 0
-1.14084e-07, -3.08748e-06, 0
-5.76033e-08, -3.09105e-06, 0
-1.08486e-09, -3.09361e-06, 0
5.54523e-08, -3.09517e-06, 0
1.1199e-07, -3.09572e-06, 0
1.68509e-07, -3.09526e-06, 0
2.24993e-07, -3.09381e-06, 0
2.81422e-07, -3.09135e-06, 0
3.37778e-07, -3.0879e-06, 0
3.94044e-07, -3.08345e-06, 0
4.50201e-07, -3.07802e-06, 0
5.06233e-07, -3.07159e-06, 0
5.6212e-07, -3.06419e-06, 0
6.17846e-07, -3.0558e-06, 0
6.73394e-07, -3.04644e-06, 0
7.28745e-07, -3.03611e-06, 0
7.83883e-07, -3.02481e-06, 0
8.38791e-07, -3.01256e-06, 0
8.93452e-07, -2.99935e-06, 0
9.47848e-07, -2.9852e-06, 0
1.00196e-06, -2.9701e-06, 0
1.05578e-06, -2.95407e-06, 0
1.10929e-06, -2.93711e-06, 0
1.16247e-06, -2.91923e-06, 0
1.2153e-06, -2.90044e-06, 0
1.26778e-06, -2.88074e-06, 0
1.31987e-06, -2.86015e-06, 0
1.37158e-06, -2.83867e-06, 0
1.42288e-06, -2.8163e-06, 0
1.47376e-06, -2.79307e-06, 0
1.5242e-06, -2.76898e-06, 0
1.5742e-06, -2.74403e-06, 0
1.62372e-06, -2.71824e-06, 0
1.67278e-06, -2.69161e-06, 0
1.72133e-06, -2.66416e-06, 0
1.76939e-06, -2.6359e-06, 0
1.81692e-06, -2.60683e-06, 0
1.86393e-06, -2.57698e-06, 0
1.91038e-06, -2.54634e-06, 0
1.95629e-06, -2.51493e-06, 0
2.00162e-06, -2.48276e-06, 0
2.04637e-06, -2.44984e-06, 0
2.09052e-06, -2.41619e-06, 0
2.13407e-06, -2.38182e-06, 0
2.17701e-06, -2.34673e-06, 0
2.21932e-06, -2.31094e-06, 0
2.26099e-06, -2.27446e-06, 0
2.30201e-06, -2.23731e-06, 0
2.34237e-06, -2.19949e-06, 0
2.38206e-06, -2.16102e-06, 0
2.42107e-06, -2.12192e-06, 0
2.45939e-06, -2.08219e-06, 0
2.49702e-06, -2.04185e-06, 0
2.53394e-06, -2.00091e-06, 0
2.57014e-06, -1.95938e-06, 0
2.60562e-06, -1.91729e-06, 0
2.64037e-06, -1.87463e-06, 0
2.67438e-06, -1.83143e-06, 0
2.70764e-06, -1.7877e-06, 0
2.74014e-06, -1.74346e-06, 0
2.77188e-06, -1.69871e-06, 0
2.80286e-06, -1.65347e-06, 0
2.83305e-06, -1.60775e-06, 0
2.86247e-06, -1.56157e-06, 0
2.89109e-06, -1.51495e-06, 0
2.91892e-06, -1.46789e-06, 0
2.94596e-06, -1.42042e-06, 0
2.97218e-06, -1.37253e-06, 0
2.9976e-06, -1.32426e-06, 0
3.02221e-06, -1.27561e-06, 0
3.04599e-06, -1.2266e-06, 0
3.06895e-06, -1.17725e-06, 0
3.09108e-06, -1.12756e-06, 0
3.11238e-06, -1.07755e-06, 0
3.13285e-06, -1.02723e-06, 0
3.15248e-06, -9.76629e-07, 0
3.17127e-06, -9.2575e-07, 0
3.18922e-06, -8.74609e-07, 0
3.20632e-06, -8.23221e-07, 0
3.22257e-06, -7.71601e-07, 0
3.23797e-06, -7.19762e-07, 0
3.25252e-06, -6.6772e-07, 0
3.26621e-06, -6.15487e-07, 0
3.27906e-06, -5.6308e-07, 0
3.29104e-06, -5.10511e-07, 0
3.30217e-06, -4.57795e-07, 0
3.31245e-06, -4.04946e-07, 0
3.32186e-06, -3.51979e-07, 0
3.33042e-06, -2.98906e-07, 0
3.33812e-06, -2.45743e-07, 0
3.34497e-06, -1.92503e-07, 0
3.35096e-06, -1.392e-07, 0
3.35609e-06, -8.58472e-08, 0
3.36037e-06, -3.24594e-08, 0
3.3638e-06, 2.09503e-08, 0
3.36637e-06, 7.43683e-08, 0
3.3681e-06, 1.27781e-07, 0
3.36897e-06, 1.81175e-07, 0
3.369e-06, 2.34537e-07, 0
3.36819e-06, 2.87853e-07, 0
3.36654e-06, 3.41111e-07, 0
3.36404e-06, 3.94297e-07, 0
3.36072e-06, 4.47399e-07, 0
3.35656e-06, 5.00403e-07, 0
3.35157e-06, 5.53296e-07, 0
3.34575e-06, 6.06066e-07, 0
3.33911e-06, 6.58701e-07, 0
3.33165e-06, 7.11187e-07, 0
3.32338e-06, 7.63513e-07, 0
3.3143e-06, 8.15666e-07, 0
3.30441e-06, 8.67633e-07, 0
3.29372e-06, 9.19404e-07, 0
3.28224e-06, 9.70965e-07, 0
3.26996e-06, 1.0223e-06, 0
3.25689e-06, 1.07341e-06, 0
3.24304e-06, 1.12427e-06, 0
3.22842e-06, 1.17488e-06, 0
3.21302e-06, 1.22522e-06, 0
3.19686e-06, 1.27528e-06, 0
3.17994e-06, 1.32505e-06, 0
3.16226e-06, 1.37452e-06, 0
3.14384e-06, 1.42368e-06, 0
3.12467e-06, 1.47251e-06, 0
3.10477e-06, 1.52102e-06, 0
3.08414e-06, 1.56918e-06, 0
3.06279e-06, 1.61698e-06, 0
3.04072e-06, 1.66442e-06, 0
3.01794e-06, 1.71149e-06, 0
2.99446e-06, 1.75817e-06, 0
2.97029e-06, 1.80446e-06, 0
2.94543e-06, 1.85034e-06, 0
2.91988e-06, 1.89581e-06, 0
2.89367e-06, 1.94086e-06, 0
2.86679e-06, 1.98548e-06, 0
2.83925e-06, 2.02965e-06, 0
2.81106e-06, 2.07338e-06, 0
2.78223e-06, 2.11664e-06, 0
2.75276e-06, 2.15944e-06, 0
2.72267e-06, 2.20176e-06, 0
2.69196e-06, 2.2436e-06, 0
2.66063e-06, 2.28494e-06, 0
2.62871e-06, 2.32578e-06, 0
2.5962e-06, 2.36611e-06, 0
2.5631e-06, 2.40593e-06, 0
2.52942e-06, 2.44522e-06, 0
2.49518e-06, 2.48397e-06, 0
2.46037e-06, 2.52219e-06, 0
2.42502e-06, 2.55986e-06, 0
2.38913e-06, 2.59697e-06, 0
2.3527e-06, 2.63353e-06, 0
2.31576e-06, 2.66951e-06, 0
2.27829e-06, 2.70492e-06, 0
2.24033e-06, 2.73975e-06, 0
2.20187e-06, 2.77399e-06, 0
2.16292e-06, 2.80764e-06, 0
2.12349e-06, 2.84068e-06, 0
2.0836e-06, 2.87312e-06, 0
2.04325e-06, 2.90495e-06, 0
2.00246e-06, 2.93615e-06, 0
1.96122e-06, 2.96674e-06, 0
1.91955e-06, 2.99669e-06, 0
1.87747e-06, 3.02601e-06, 0
1.83497e-06, 3.0547e-06, 0
1.79208e-06, 3.08273e-06, 0
1.7488e-06, 3.11012e-06, 0
1.70513e-06, 3.13686e-06, 0
1.6611e-06, 3.16293e-06, 0
1.6167e-06, 3.18834e-06, 0
1.57196e-06, 3.21309e-06, 0
1.52687e-06, 3.23716e-06, 0
1.48146e-06, 3.26056e-06, 0
1.43572e-06, 3.28328e-06, 0
1.38967e-06, 3.30532e-06, 0
1.34333e-06, 3.32667e-06, 0
1.29669e-06, 3.34733e-06, 0
1.24977e-06, 3.3673e-06, 0
1.20259e-06, 3.38658e-06, 0
1.15514e-06, 3.40515e-06, 0
1.10745e-06, 3.42302e-06, 0
1.05952e-06, 3.44019e-06, 0
1.01135e-06, 3.45665e-06, 0
9.62974e-07, 3.4724e-06, 0
9.14385e-07, 3.48744e-06, 0
8.65599e-07, 3.50177e-06, 0
8.16625e-07, 3.51538e-06, 0
7.67473e-07, 3.52827e-06, 0
7.18154e-07, 3.54045e-06, 0
6.68679e-07, 3.5519e-06, 0
6.19057e-07, 3.56263e-06, 0
5.69299e-07, 3.57264e-06, 0
5.19415e-07, 3.58192e-06, 0
4.69415e-07, 3.59048e-06, 0
4.1931e-07, 3.59831e-06, 0
3.6911e-07, 3.60541e-06, 0
3.18825e-07, 3.61179e-06, 0
2.68466e-07, 3.61743e-06, 0
2.18042e-07, 3.62235e-06, 0
1.67564e-07, 3.62654e-06, 0
1.17042e-07, 3.63e-06, 0
6.64868e-08, 3.63273e-06, 0
1.59078e-08, 3.63474e-06, 0
-3.46845e-08, 3.63601e-06, 0
-8.528e-08, 3.63656e-06, 0
-1.35869e-07, 3.63638e-06, 0
-1.8644e-07, 3.63547e-06, 0
-2.36984e-07, 3.63384e-06, 0
-2.87492e-07, 3.63148e-06, 0
-3.37952e-07, 3.6284e-06, 0
-3.88355e-07, 3.62459e-06, 0
-4.3869e-07, 3.62007e-06, 0
-4.88949e-07, 3.61482e-06, 0
-5.3912e-07, 3.60886e-06, 0
-5.89195e-07, 3.60218e-06, 0
-6.39163e-07, 3.59478e-06, 0
-6.89014e-07, 3.58668e-06, 0
-7.3874e-07, 3.57786e-06, 0
-7.88329e-07, 3.56834e-06, 0
-8.37772e-07, 3.55811e-06, 0
-8.8706e-07, 3.54717e-06, 0
-9.36183e-07, 3.53554e-06, 0
-9.85132e-07, 3.52321e-06, 0
-1.0339e-06, 3.51018e-06, 0
-1.08247e-06, 3.49646e-06, 0
-1.13084e-06, 3.48205e-06, 0
-1.17899e-06, 3.46696e-06, 0
-1.22693e-06, 3.45118e-06, 0
-1.27463e-06, 3.43473e-06, 0
-1.32209e-06, 3.4176e-06, 0
-1.36931e-06, 3.3998e-06, 0
-1.41626e-06, 3.38133e-06, 0
-1.46295e-06, 3.36219e-06, 0
-1.50936e-06, 3.3424e-06, 0
-1.55549e-06, 3.32195e-06, 0
-1.60132e-06, 3.30084e-06, 0
-1.64685e-06, 3.27909e-06, 0
-1.69206e-06, 3.2567e-06, 0
-1.73696e-06, 3.23367e-06, 0
-1.78153e-06, 3.21001e-06, 0
-1.82576e-06, 3.18571e-06, 0
-1.86964e-06, 3.1608e-06, 0
-1.91317e-06, 3.13526e-06, 0
-1.95633e-06, 3.10911e-06, 0
-1.99913e-06, 3.08235e-06, 0
-2.04154e-06, 3.05499e-06, 0
-2.08357e-06, 3.02703e-06, 0
-2.1252e-06, 2.99848e-06, 0
-2.16643e-06, 2.96934e-06, 0
-2.20724e-06, 2.93963e-06, 0
-2.24764e-06, 2.90933e-06, 0
-2.28761e-06, 2.87847e-06, 0
-2.32714e-06, 2.84704e-06, 0
-2.36623e-06, 2.81506e-06, 0
-2.40487e-06, 2.78253e-06, 0
-2.44305e-06, 2.74945e-06, 0
-2.48077e-06, 2.71583e-06, 0
-2.51802e-06, 2.68168e-06, 0
-2.55478e-06, 2.64701e-06, 0
-2.59106e-06, 2.61182e-06, 0
-2.62685e-06, 2.57612e-06, 0
-2.66214e-06, 2.53991e-06, 0
-2.69692e-06, 2.50321e-06, 0
-2.73118e-06, 2.46601e-06, 0
-2.76492e-06, 2.42834e-06, 0
-2.79814e-06, 2.39018e-06, 0
-2.83083e-06, 2.35156e-06, 0
-2.86297e-06, 2.31248e-06, 0
-2.89457e-06, 2.27294e-06, 0
-2.92561e-06, 2.23296e-06, 0
-2.9561e-06, 2.19254e-06, 0
-2.98602e-06, 2.15168e-06, 0
-3.01537e-06, 2.11041e-06, 0
-3.04415e-06, 2.06872e-06, 0
-3.07234e-06, 2.02662e-06, 0
-3.09995e-06, 1.98412e-06, 0
-3.12696e-06, 1.94123e-06, 0
-3.15338e-06, 1.89796e-06, 0
-3.17919e-06, 1.85432e-06, 0
-3.2044e-06, 1.81031e-06, 0
-3.22899e-06, 1.76594e-06, 0
-3.25296e-06, 1.72122e-06, 0
-3.27631e-06, 1.67616e-06, 0
-3.29903e-06, 1.63077e-06, 0
-3.32113e-06, 1.58506e-06, 0
-3.34258e-06, 1.53903e-06, 0
-3.36339e-06, 1.4927e-06, 0
-3.38356e-06, 1.44606e-06, 0
-3.40308e-06, 1.39914e-06, 0
-3.42194e-06, 1.35195e-06, 0
-3.44015e-06, 1.30448e-06, 0
-3.4577e-06, 1.25675e-06, 0
-3.47458e-06, 1.20876e-06, 0
-3.4908e-06, 1.16054e-06, 0
-3.50635e-06, 1.11208e-06, 0
-3.52122e-06, 1.0634e-06, 0
-3.53541e-06, 1.0145e-06, 0
-3.54892e-06, 9.65399e-07, 0
-3.56175e-06, 9.161e-07, 0
-3.57389e-06, 8.66615e-07, 0
-3.58535e-06, 8.16952e-07, 0
-3.59611e-06, 7.67122e-07, 0
-3.60618e-06, 7.17134e-07, 0
-3.61555e-06, 6.66997e-07, 0
-3.62423e-06, 6.16722e-07, 0
-3.63221e-06, 5.66317e-07, 0
-3.63948e-06, 5.15794e-07, 0
-3.64605e-06, 4.6516e-07, 0
-3.65192e-06, 4.14427e-07, 0
-3.65708e-06, 3.63603e-07, 0
-3.66153e-06, 3.127e-07, 0
-3.66528e-06, 2.61726e-07, 0
-3.66832e-06, 2.10691e-07, 0
-3.67064e-06, 1.59605e-07, 0
-3.67225e-06, 1.08479e-07, 0
-3.67316e-06, 5.73219e-08, 0
-3.67335e-06, 6.14363e-09, 0
-3.67282e-06, -4.50458e-08, 0
-3.67159e-06, -9.62364e-08, 0
-3.66964e-06, -1.47418e-07, 0
-3.66698e-06, -1.98581e-07, 0
-3.66361e-06, -2.49716e-07, 0
-3.65952e-06, -3.00812e-07, 0
-3.65472e-06, -3.5186e-07, 0
-3.64922e-06, -4.02849e-07, 0
-3.643e-06, -4.53769e-07, 0
-3.63607e-06, -5.04612e-07, 0
-3.62843e-06, -5.55366e-07, 0
-3.62009e-06, -6.06022e-07, 0
-3.61104e-06, -6.5657e-07, 0
-3.60129e-06, -7.07e-07, 0
-3.59084e-06, -7.57303e-07, 0
-3.57968e-06, -8.07468e-07, 0
-3.56783e-06, -8.57485e-07, 0
-3.55528e-06, -9.07346e-07, 0
-3.54203e-06, -9.57039e-07, 0
-3.5281e-06, -1.00656e-06, 0
-3.51347e-06, -1.05589e-06, 0
-3.49816e-06, -1.10502e-06, 0
-3.48216e-06, -1.15395e-06, 0
-3.46548e-06, -1.20266e-06, 0
-3.44812e-06, -1.25115e-06, 0
-3.43009e-06, -1.29941e-06, 0
-3.41138e-06, -1.34742e-06, 0
-3.39201e-06, -1.39518e-06, 0
-3.37197e-06, -1.44267e-06, 0
-3.35127e-06, -1.48989e-06, 0
-3.32992e-06, -1.53683e-06, 0
-3.30791e-06, -1.58349e-06, 0
-3.28525e-06, -1.62984e-06, 0
-3.26194e-06, -1.67588e-06, 0
-3.238e-06, -1.72161e-06, 0
-3.21342e-06, -1.767e-06, 0
-3.1882e-06, -1.81207e-06, 0
-3.16236e-06, -1.85678e-06, 0
-3.1359e-06, -1.90115e-06, 0
-3.10883e-06, -1.94515e-06, 0
-3.08114e-06, -1.98878e-06, 0
-3.05284e-06, -2.03204e-06, 0
-3.02394e-06, -2.0749e-06, 0
-2.99445e-06, -2.11737e-06, 0
-2.96437e-06, -2.15943e-06, 0
-2.93371e-06, -2.20108e-06, 0
-2.90246e-06, -2.24231e-06, 0
-2.87065e-06, -2.28311e-06, 0
-2.83827e-06, -2.32348e-06, 0
-2.80533e-06, -2.3634e-06, 0
-2.77184e-06, -2.40286e-06, 0
-2.7378e-06, -2.44187e-06, 0
-2.70322e-06, -2.48041e-06, 0
-2.6681e-06, -2.51847e-06, 0
-2.63246e-06, -2.55605e-06, 0
-2.59631e-06, -2.59313e-06, 0
-2.55963e-06, -2.62972e-06, 0
-2.52246e-06, -2.66581e-06, 0
-2.48478e-06, -2.70138e-06, 0
-2.44662e-06, -2.73644e-06, 0
-2.40797e-06, -2.77097e-06, 0
-2.36884e-06, -2.80497e-06, 0
-2.32925e-06, -2.83843e-06, 0
-2.2892e-06, -2.87134e-06, 0
-2.24869e-06, -2.9037e-06, 0
-2.20774e-06, -2.93551e-06, 0
-2.16635e-06, -2.96675e-06, 0
-2.12454e-06, -2.99742e-06, 0
-2.0823e-06, -3.02752e-06, 0
-2.03965e-06, -3.05703e-06, 0
-1.9966e-06, -3.08596e-06, 0
-1.95316e-06, -3.1143e-06, 0
-1.90932e-06, -3.14204e-06, 0
-1.86511e-06, -3.16917e-06, 0
-1.82053e-06, -3.1957e-06, 0
-1.77559e-06, -3.22161e-06, 0
-1.7303e-06, -3.24691e-06, 0
-1.68466e-06, -3.27158e-06, 0
-1.63869e-06, -3.29563e-06, 0
-1.59239e-06, -3.31904e-06, 0
-1.54578e-06, -3.34182e-06, 0
-1.49886e-06, -3.36396e-06, 0
-1.45165e-06, -3.38546e-06, 0
-1.40414e-06, -3.40631e-06, 0
-1.35636e-06, -3.4265e-06, 0
-1.3083e-06, -3.44605e-06, 0
-1.25999e-06, -3.46493e-06, 0
-1.21142e-06, -3.48315e-06, 0
-1.16261e-06, -3.50071e-06, 0
-1.11357e-06, -3.5176e-06, 0
-1.06431e-06, -3.53381e-06, 0
-1.01483e-06, -3.54936e-06, 0
-9.6515e-07, -3.56423e-06, 0
-9.15275e-07, -3.57842e-06, 0
-8.65217e-07, -3.59193e-06, 0
-8.14984e-07, -3.60475e-06, 0
-7.64585e-07, -3.61689e-06, 0
-7.14032e-07, -3.62835e-06, 0
-6.63333e-07, -3.63911e-06, 0
-6.12498e-07, -3.64919e-06, 0
-5.61537e-07, -3.65857e-06, 0
-5.1046e-07, -3.66727e-06, 0
-4.59276e-07, -3.67526e-06, 0
-4.07996e-07, -3.68257e-06, 0
-3.56628e-07, -3.68917e-06, 0
-3.05184e-07, -3.69508e-06, 0
-2.53672e-07, -3.7003e-06, 0
-2.02102e-07, -3.70482e-06, 0
-1.50485e-07, -3.70864e-06, 0
-9.88298e-08, -3.71176e-06, 0
-4.71462e-08, -3.71418e-06, 0
4.55595e-09, -3.71591e-06, 0
5.6267e-08, -3.71694e-06, 0
1.07977e-07, -3.71727e-06, 0
1.59677e-07, -3.71691e-06, 0
2.11356e-07, -3.71585e-06, 0
2.63006e-07, -3.7141e-06, 0
3.14616e-07, -3.71166e-06, 0
3.66177e-07, -3.70852e-06, 0
4.1768e-07, -3.70469e-06, 0
4.69115e-07, -3.70018e-06, 0
5.20472e-07, -3.69497e-06, 0
5.71742e-07, -3.68908e-06, 0
6.22916e-07, -3.68251e-06, 0
6.73984e-07, -3.67525e-06, 0
7.24937e-07, -3.66732e-06, 0
7.75766e-07, -3.6587e-06, 0
8.26461e-07, -3.64941e-06, 0
8.77014e-07, -3.63945e-06, 0
9.27415e-07, -3.62882e-06, 0
9.77655e-07, -3.61752e-06, 0
1.02773e-06, -3.60556e-06, 0
1.07762e-06, -3.59294e-06, 0
1.12732e-06, -3.57966e-06, 0
1.17683e-06, -3.56572e-06, 0
1.22613e-06, -3.55113e-06, 0
1.27522e-06, -3.5359e-06, 0
1.32409e-06, -3.52002e-06, 0
1.37272e-06, -3.5035e-06, 0
1.42112e-06, -3.48634e-06, 0
1.46927e-06, -3.46855e-06, 0
1.51716e-06, -3.45014e-06, 0
1.56479e-06, -3.4311e-06, 0
1.61215e-06, -3.41144e-06, 0
1.65922e-06, -3.39116e-06, 0
1.70601e-06, -3.37027e-06, 0
1.7525e-06, -3.34878e-06, 0
1.79868e-06, -3.32669e-06, 0
1.84455e-06, -3.304e-06, 0
1.89011e-06, -3.28071e-06, 0
1.93533e-06, -3.25685e-06, 0
1.98023e-06, -3.2324e-06, 0
2.02477e-06, -3.20737e-06, 0
2.06897e-06, -3.18177e-06, 0
2.11282e-06, -3.15561e-06, 0
2.15629e-06, -3.12889e-06, 0
2.1994e-06, -3.10161e-06, 0
2.24213e-06, -3.07379e-06, 0
2.28448e-06, -3.04542e-06, 0
2.32643e-06, -3.01652e-06, 0
2.36798e-06, -2.98709e-06, 0
2.40913e-06, -2.95713e-06, 0
2.44987e-06, -2.92665e-06, 0
2.49019e-06, -2.89566e-06, 0
2.53009e-06, -2.86416e-06, 0
2.56956e-06, -2.83216e-06, 0
2.60859e-06, -2.79967e-06, 0
2.64718e-06, -2.7667e-06, 0
2.68532e-06, -2.73324e-06, 0
2.72301e-06, -2.69931e-06, 0
2.76024e-06, -2.66491e-06, 0
2.79701e-06, -2.63005e-06, 0
2.8333e-06, -2.59474e-06, 0
2.86912e-06, -2.55898e-06, 0
2.90446e-06, -2.52278e-06, 0
2.93931e-06, -2.48614e-06, 0
2.97368e-06, -2.44908e-06, 0
3.00754e-06, -2.41161e-06, 0
3.04091e-06, -2.37371e-06, 0
3.07377e-06, -2.33542e-06, 0
3.10613e-06, -2.29673e-06, 0
3.13797e-06, -2.25764e-06, 0
3.16929e-06, -2.21818e-06, 0
3.20008e-06, -2.17833e-06, 0
3.23036e-06, -2.13812e-06, 0
3.2601e-06, -2.09755e-06, 0
3.2893e-06, -2.05663e-06, 0
3.31797e-06, -2.01535e-06, 0
3.3461e-06, -1.97374e-06, 0
3.37368e-06, -1.9318e-06, 0
3.40071e-06, -1.88953e-06, 0
3.4272e-06, -1.84695e-06, 0
3.45312e-06, -1.80406e-06, 0
3.47849e-06, -1.76087e-06, 0
3.50329e-06, -1.71738e-06, 0
3.52753e-06, -1.67361e-06, 0
3.55121e-06, -1.62956e-06, 0
3.57431e-06, -1.58525e-06, 0
3.59684e-06, -1.54066e-06, 0
3.61879e-06, -1.49583e-06, 0
3.64017e-06, -1.45074e-06, 0
3.66097e-06, -1.40542e-06, 0
3.68119e-06, -1.35986e-06, 0
3.70082e-06, -1.31408e-06, 0
3.71987e-06, -1.26808e-06, 0
3.73833e-06, -1.22188e-06, 0
3.7562e-06, -1.17547e-06, 0
3.77348e-06, -1.12887e-06, 0
3.79016e-06, -1.08209e-06, 0
3.80625e-06, -1.03513e-06, 0
3.82175e-06, -9.87995e-07, 0
3.83665e-06, -9.407e-07, 0
3.85096e-06, -8.93251e-07, 0
3.86466e-06, -8.45656e-07, 0
3.87777e-06, -7.97921e-07, 0
3.89027e-06, -7.50055e-07, 0
3.90218e-06, -7.02065e-07, 0
3.91348e-06, -6.53959e-07, 0
3.92418e-06, -6.05745e-07, 0
3.93428e-06, -5.5743e-07, 0
3.94377e-06, -5.09022e-07, 0
3.95266e-06, -4.60529e-07, 0
3.96095e-06, -4.11958e-07, 0
3.96864e-06, -3.63316e-07, 0
3.97572e-06, -3.14612e-07, 0
3.9822e-06, -2.65853e-07, 0
3.98807e-06, -2.17045e-07, 0
3.99335e-06, -1.68198e-07, 0
3.99802e-06, -1.19318e-07, 0
4.00209e-06, -7.04125e-08, 0
4.00556e-06, -2.14892e-08, 0
4.00843e-06, 2.74447e-08, 0
4.0107e-06, 7.63819e-08, 0
4.01237e-06, 1.25315e-07, 0
4.01344e-06, 1.74237e-07, 0
4.01392e-06, 2.2314e-07, 0
4.0138e-06, 2.72017e-07, 0
4.01309e-06, 3.20861e-07, 0
4.01179e-06, 3.69665e-07, 0
4.00989e-06, 4.18422e-07, 0
4.0074e-06, 4.67124e-07, 0
4.00433e-06, 5.15765e-07, 0
4.00067e-06, 5.64337e-07, 0
3.99642e-06, 6.12835e-07, 0
3.99159e-06, 6.61249e-07, 0
3.98618e-06, 7.09575e-07, 0
3.98018e-06, 7.57805e-07, 0
3.97361e-06, 8.05931e-07, 0
3.96647e-06, 8.53949e-07, 0
3.95875e-06, 9.0185e-07, 0
3.95046e-06, 9.49628e-07, 0
3.9416e-06, 9.97276e-07, 0
3.93218e-06, 1.04479e-06, 0
3.92219e-06, 1.09216e-06, 0
3.91164e-06, 1.13938e-06, 0
3.90053e-06, 1.18644e-06, 0
3.88887e-06, 1.23335e-06, 0
3.87665e-06, 1.28008e-06, 0
3.86388e-06, 1.32664e-06, 0
3.85056e-06, 1.37302e-06, 0
3.8367e-06, 1.41921e-06, 0
3.8223e-06, 1.46521e-06, 0
3.80735e-06, 1.51101e-06, 0
3.79187e-06, 1.5566e-06, 0
3.77586e-06, 1.60198e-06, 0
3.75932e-06, 1.64715e-06, 0
3.74225e-06, 1.69209e-06, 0
3.72466e-06, 1.7368e-06, 0
3.70655e-06, 1.78128e-06, 0
3.68792e-06, 1.82552e-06, 0
3.66878e-06, 1.86951e-06, 0
3.64914e-06, 1.91324e-06, 0
3.62898e-06, 1.95673e-06, 0
3.60833e-06, 1.99994e-06, 0
3.58717e-06, 2.04289e-06, 0
3.56553e-06, 2.08557e-06, 0
3.54339e-06, 2.12796e-06, 0
3.52076e-06, 2.17008e-06, 0
3.49766e-06, 2.2119e-06, 0
3.47407e-06, 2.25342e-06, 0
3.45001e-06, 2.29465e-06, 0
3.42548e-06, 2.33557e-06, 0
3.40048e-06, 2.37618e-06, 0
3.37502e-06, 2.41648e-06, 0
3.34911e-06, 2.45645e-06, 0
3.32273e-06, 2.49611e-06, 0
3.29591e-06, 2.53543e-06, 0
3.26865e-06, 2.57441e-06, 0
3.24094e-06, 2.61306e-06, 0
3.2128e-06, 2.65136e-06, 0
3.18422e-06, 2.68932e-06, 0
3.15522e-06, 2.72692e-06, 0
3.12579e-06, 2.76417e-06, 0
3.09595e-06, 2.80105e-06, 0
3.06569e-06, 2.83757e-06, 0
3.03502e-06, 2.87372e-06, 0
3.00395e-06, 2.90949e-06, 0
2.97248e-06, 2.94489e-06, 0
2.94061e-06, 2.9799e-06, 0
2.90836e-06, 3.01452e-06, 0
2.87572e-06, 3.04876e-06, 0
2.84269e-06, 3.0826e-06, 0
2.80929e-06, 3.11604e-06, 0
2.77553e-06, 3.14908e-06, 0
2.74139e-06, 3.18172e-06, 0
2.70689e-06, 3.21394e-06, 0
2.67204e-06, 3.24576e-06, 0
2.63684e-06, 3.27715e-06, 0
2.60129e-06, 3.30813e-06, 0
2.5654e-06, 3.33868e-06, 0
2.52918e-06, 3.3688e-06, 0
2.49262e-06, 3.3985e-06, 0
2.45574e-06, 3.42776e-06, 0
2.41854e-06, 3.45658e-06, 0
2.38102e-06, 3.48497e-06, 0
2.3432e-06, 3.51291e-06, 0
2.30507e-06, 3.54041e-06, 0
2.26664e-06, 3.56746e-06, 0
2.22791e-06, 3.59405e-06, 0
2.1889e-06, 3.62019e-06, 0
2.14961e-06, 3.64588e-06, 0
2.11003e-06, 3.6711e-06, 0
2.07019e-06, 3.69587e-06, 0
2.03007e-06, 3.72016e-06, 0
1.9897e-06, 3.74399e-06, 0
1.94906e-06, 3.76735e-06, 0
1.90818e-06, 3.79024e-06, 0
1.86705e-06, 3.81265e-06, 0
1.82568e-06, 3.83459e-06, 0
1.78408e-06, 3.85604e-06, 0
1.74225e-06, 3.87702e-06, 0
1.70019e-06, 3.89751e-06, 0
1.65791e-06, 3.91752e-06, 0
1.61543e-06, 3.93703e-06, 0
1.57273e-06, 3.95606e-06, 0
1.52984e-06, 3.9746e-06, 0
1.48674e-06, 3.99264e-06, 0
1.44346e-06, 4.01019e-06, 0
1.39999e-06, 4.02725e-06, 0
1.35635e-06, 4.0438e-06, 0
1.31253e-06, 4.05986e-06, 0
1.26854e-06, 4.07541e-06, 0
1.22439e-06, 4.09046e-06, 0
1.18008e-06, 4.10501e-06, 0
1.13562e-06, 4.11905e-06, 0
1.09101e-06, 4.13259e-06, 0
1.04627e-06, 4.14561e-06, 0
1.00139e-06, 4.15813e-06, 0
9.5638e-07, 4.17014e-06, 0
9.11248e-07, 4.18164e-06, 0
8.66e-07, 4.19262e-06, 0
8.20639e-07, 4.20309e-06, 0
7.75172e-07, 4.21305e-06, 0
7.29605e-07, 4.2225e-06, 0
6.83943e-07, 4.23142e-06, 0
6.38192e-07, 4.23984e-06, 0
5.92357e-07, 4.24773e-06, 0
5.46444e-07, 4.25511e-06, 0
5.0046e-07, 4.26197e-06, 0
4.54408e-07, 4.26831e-06, 0
4.08296e-07, 4.27413e-06, 0
3.62128e-07, 4.27944e-06, 0
3.15911e-07, 4.28422e-06, 0
2.6965e-07, 4.28849e-06, 0
2.23351e-07, 4.29223e-06, 0
1.77018e-07, 4.29546e-06, 0
1.30659e-07, 4.29816e-06, 0
8.42785e-08, 4.30035e-06, 0
3.78821e-08, 4.30201e-06, 0
-8.52452e-09, 4.30316e-06, 0
-5.49357e-08, 4.30379e-06, 0
-1.01346e-07, 4.30389e-06, 0
-1.47749e-07, 4.30348e-06, 0
-1.94141e-07, 4.30255e-06, 0
-2.40514e-07, 4.3011e-06, 0
-2.86864e-07, 4.29913e-06, 0
-3.33186e-07, 4.29665e-06, 0
-3.79472e-07, 4.29365e-06, 0
-4.25719e-07, 4.29013e-06, 0
-4.7192e-07, 4.2861e-06, 0
-5.1807e-07, 4.28155e-06, 0
-5.64164e-07, 4.27649e-06, 0
-6.10195e-07, 4.27091e-06, 0
-6.56159e-07, 4.26482e-06, 0
-7.02049e-07, 4.25822e-06, 0
-7.47861e-07, 4.25111e-06, 0
-7.93589e-07, 4.24349e-06, 0
-8.39228e-07, 4.23537e-06, 0
-8.84772e-07, 4.22673e-06, 0
-9.30215e-07, 4.21759e-06, 0
-9.75553e-07, 4.20794e-06, 0
-1.02078e-06, 4.19779e-06, 0
-1.06589e-06, 4.18714e-06, 0
-1.11088e-06, 4.17599e-06, 0
-1.15574e-06, 4.16434e-06, 0
-1.20047e-06, 4.15219e-06, 0
-1.24506e-06, 4.13954e-06, 0
-1.28951e-06, 4.1264e-06, 0
-1.33381e-06, 4.11277e-06, 0
-1.37796e-06, 4.09864e-06, 0
-1.42194e-06, 4.08403e-06, 0
-1.46577e-06, 4.06893e-06, 0
-1.50942e-06, 4.05334e-06, 0
-1.5529e-06, 4.03727e-06, 0
-1.59621e-06, 4.02072e-06, 0
-1.63932e-06, 4.00369e-06, 0
-1.68225e-06, 3.98618e-06, 0
-1.72498e-06, 3.96819e-06, 0
-1.76751e-06, 3.94974e-06, 0
-1.80984e-06, 3.93081e-06, 0
-1.85196e-06, 3.91141e-06, 0
-1.89386e-06, 3.89154e-06, 0
-1.93555e-06, 3.87121e-06, 0
-1.97701e-06, 3.85042e-06, 0
-2.01824e-06, 3.82917e-06, 0
-2.05923e-06, 3.80747e-06, 0
-2.09999e-06, 3.78531e-06, 0
-2.1405e-06, 3.76269e-06, 0
-2.18076e-06, 3.73963e-06, 0
-2.22077e-06, 3.71613e-06, 0
-2.26052e-06, 3.69218e-06, 0
-2.30001e-06, 3.66779e-06, 0
-2.33922e-06, 3.64296e-06, 0
-2.37817e-06, 3.61769e-06, 0
-2.41684e-06, 3.592e-06, 0
-2.45523e-06, 3.56588e-06, 0
-2.49333e-06, 3.53933e-06, 0
-2.53114e-06, 3.51235e-06, 0
-2.56865e-06, 3.48496e-06, 0
-2.60587e-06, 3.45716e-06, 0
-2.64278e-06, 3.42893e-06, 0
-2.67938e-06, 3.4003e-06, 0
-2.71567e-06, 3.37127e-06, 0
-2.75164e-06, 3.34183e-06, 0
-2.78728e-06, 3.31199e-06, 0
-2.82261e-06, 3.28175e-06, 0
-2.8576e-06, 3.25112e-06, 0
-2.89225e-06, 3.22011e-06, 0
-2.92657e-06, 3.1887e-06, 0
-2.96055e-06, 3.15692e-06, 0
-2.99417e-06, 3.12475e-06, 0
-3.02745e-06, 3.09222e-06, 0
-3.06037e-06, 3.05931e-06, 0
-3.09293e-06, 3.02603e-06, 0
-3.12513e-06, 2.99239e-06, 0
-3.15696e-06, 2.95839e-06, 0
-3.18842e-06, 2.92404e-06, 0
-3.21951e-06, 2.88934e-06, 0
-3.25022e-06, 2.85428e-06, 0
-3.28054e-06, 2.81889e-06, 0
-3.31048e-06, 2.78316e-06, 0
-3.34003e-06, 2.74709e-06, 0
-3.36918e-06, 2.71069e-06, 0
-3.39794e-06, 2.67396e-06, 0
-3.4263e-06, 2.63691e-06, 0
-3.45425e-06, 2.59954e-06, 0
-3.4818e-06, 2.56186e-06, 0
-3.50893e-06, 2.52387e-06, 0
-3.53565e-06, 2.48558e-06, 0
-3.56195e-06, 2.44698e-06, 0
-3.58783e-06, 2.40809e-06, 0
-3.61329e-06, 2.3689e-06, 0
-3.63831e-06, 2.32943e-06, 0
-3.66291e-06, 2.28968e-06, 0
-3.68707e-06, 2.24965e-06, 0
-3.7108e-06, 2.20934e-06, 0
-3.73409e-06, 2.16877e-06, 0
-3.75693e-06, 2.12793e-06, 0
-3.77933e-06, 2.08684e-06, 0
-3.80127e-06, 2.04549e-06, 0
-3.82277e-06, 2.00389e-06, 0
-3.84381e-06, 1.96204e-06, 0
-3.8644e-06, 1.91996e-06, 0
-3.88452e-06, 1.87764e-06, 0
-3.90418e-06, 1.83509e-06, 0
-3.92338e-06, 1.79232e-06, 0
-3.94211e-06, 1.74933e-06, 0
-3.96037e-06, 1.70612e-06, 0
-3.97815e-06, 1.6627e-06, 0
-3.99547e-06, 1.61908e-06, 0
-4.0123e-06, 1.57526e-06, 0
-4.02866e-06, 1.53124e-06, 0
-4.04453e-06, 1.48704e-06, 0
-4.05992e-06, 1.44265e-06, 0
-4.07482e-06, 1.39808e-06, 0
-4.08923e-06, 1.35334e-06, 0
-4.10316e-06, 1.30843e-06, 0
-4.11659e-06, 1.26336e-06, 0
-4.12953e-06, 1.21813e-06, 0
-4.14197e-06, 1.17274e-06, 0
-4.15392e-06, 1.12722e-06, 0
-4.16536e-06, 1.08155e-06, 0
-4.17631e-06, 1.03574e-06, 0
-4.18675e-06, 9.89803e-07, 0
-4.19669e-06, 9.43742e-07, 0
-4.20612e-06, 8.9756e-07, 0
-4.21504e-06, 8.51265e-07, 0
-4.22346e-06, 8.04861e-07, 0
-4.23137e-06, 7.58355e-07, 0
-4.23876e-06, 7.1175e-07, 0
-4.24564e-06, 6.65054e-07, 0
-4.25201e-06, 6.18272e-07, 0
-4.25787e-06, 5.7141e-07, 0
-4.26321e-06, 5.24472e-07, 0
-4.26803e-06, 4.77465e-07, 0
-4.27234e-06, 4.30394e-07, 0
-4.27613e-06, 3.83266e-07, 0
-4.27939e-06, 3.36085e-07, 0
-4.28214e-06, 2.88857e-07, 0
-4.28437e-06, 2.41589e-07, 0
-4.28608e-06, 1.94285e-07, 0
-4.28727e-06, 1.46953e-07, 0
-4.28793e-06, 9.9596e-08, 0
-4.28807e-06, 5.22215e-08, 0
-4.28769e-06, 4.83492e-09, 0
-4.28679e-06, -4.2558e-08, 0
-4.28536e-06, -8.99516e-08, 0
-4.28341e-06, -1.3734e-07, 0
-4.28094e-06, -1.84717e-07, 0
-4.27794e-06, -2.32078e-07, 0
-4.27442e-06, -2.79416e-07, 0
-4.27038e-06, -3.26726e-07, 0
-4.26581e-06, -3.74001e-07, 0
-4.26073e-06, -4.21236e-07, 0
-4.25511e-06, -4.68426e-07, 0
-4.24898e-06, -5.15564e-07, 0
-4.24233e-06, -5.62645e-07, 0
-4.23515e-06, -6.09662e-07, 0
-4.22745e-06, -6.5661e-07, 0
-4.21924e-06, -7.03484e-07, 0
-4.2105e-06, -7.50277e-07, 0
-4.20125e-06, -7.96983e-07, 0
-4.19147e-06, -8.43597e-07, 0
-4.18119e-06, -8.90113e-07, 0
-4.17038e-06, -9.36525e-07, 0
-4.15906e-06, -9.82828e-07, 0
-4.14723e-06, -1.02902e-06, 0
-4.13488e-06, -1.07508e-06, 0
-4.12203e-06, -1.12102e-06, 0
-4.10866e-06, -1.16683e-06, 0
-4.09479e-06, -1.2125e-06, 0
-4.0804e-06, -1.25802e-06, 0
-4.06552e-06, -1.3034e-06, 0
-4.05012e-06, -1.34862e-06, 0
-4.03423e-06, -1.39367e-06, 0
-4.01783e-06, -1.43857e-06, 0
-4.00094e-06, -1.48328e-06, 0
-3.98355e-06, -1.52783e-06, 0
-3.96566e-06, -1.57218e-06, 0
-3.94728e-06, -1.61635e-06, 0
-3.92841e-06, -1.66033e-06, 0
-3.90905e-06, -1.7041e-06, 0
-3.8892e-06, -1.74767e-06, 0
-3.86887e-06, -1.79102e-06, 0
-3.84806e-06, -1.83416e-06, 0
-3.82676e-06, -1.87708e-06, 0
-3.80499e-06, -1.91977e-06, 0
-3.78274e-06, -1.96222e-06, 0
-3.76002e-06, -2.00444e-06, 0
-3.73683e-06, -2.04641e-06, 0
-3.71317e-06, -2.08814e-06, 0
-3.68905e-06, -2.12961e-06, 0
-3.66446e-06, -2.17082e-06, 0
-3.63942e-06, -2.21177e-06, 0
-3.61392e-06, -2.25244e-06, 0
-3.58797e-06, -2.29284e-06, 0
-3.56156e-06, -2.33296e-06, 0
-3.53471e-06, -2.37279e-06, 0
-3.50742e-06, -2.41234e-06, 0
-3.47969e-06, -2.45158e-06, 0
-3.45151e-06, -2.49053e-06, 0
-3.42291e-06, -2.52917e-06, 0
-3.39387e-06, -2.5675e-06, 0
-3.36441e-06, -2.60551e-06, 0
-3.33452e-06, -2.64321e-06, 0
-3.30421e-06, -2.68058e-06, 0
-3.27349e-06, -2.71762e-06, 0
-3.24236e-06, -2.75432e-06, 0
-3.21081e-06, -2.79069e-06, 0
-3.17886e-06, -2.82671e-06, 0
-3.14651e-06, -2.86238e-06, 0
-3.11376e-06, -2.8977e-06, 0
-3.08062e-06, -2.93266e-06, 0
-3.04709e-06, -2.96726e-06, 0
-3.01318e-06, -3.00149e-06, 0
-2.97888e-06, -3.03535e-06, 0
-2.94421e-06, -3.06884e-06, 0
-2.90917e-06, -3.10195e-06, 0
-2.87375e-06, -3.13467e-06, 0
-2.83798e-06, -3.16701e-06, 0
-2.80184e-06, -3.19895e-06, 0
-2.76535e-06, -3.2305e-06, 0
-2.72851e-06, -3.26164e-06, 0
-2.69132e-06, -3.29239e-06, 0
-2.65379e-06, -3.32272e-06, 0
-2.61593e-06, -3.35265e-06, 0
-2.57773e-06, -3.38215e-06, 0
-2.5392e-06, -3.41124e-06, 0
-2.50036e-06, -3.43991e-06, 0
-2.46119e-06, -3.46815e-06, 0
-2.42172e-06, -3.49596e-06, 0
-2.38193e-06, -3.52333e-06, 0
-2.34185e-06, -3.55027e-06, 0
-2.30146e-06, -3.57677e-06, 0
