0.999996997495189, 0.000000000000000, 0.000000000000000
0.999996997495189, 0.018849499325656, 0.000000000000000
0.999641691736750, 0.037698998631204, 0.000000000000000
0.998931269499456, 0.056541804128719, 0.000000000000000
0.997866046069015, 0.075371229162108, 0.000000000000000
0.996446462669639, 0.094180596587266, 0.000000000000000
0.994673086350282, 0.112963241159745, 0.000000000000000
0.992546609824116, 0.131712511928945, 0.000000000000000
0.990067851260620, 0.150421774637836, 0.000000000000000
0.987237754029699, 0.169084414127173, 0.000000000000000
0.984057386397276, 0.187693836743132, 0.000000000000000
0.980527941171820, 0.206243472747266, 0.000000000000000
0.976650735301302, 0.224726778727650, 0.000000000000000
0.972427209420114, 0.243137240010040, 0.000000000000000
0.967858927345504, 0.261468373067858, 0.000000000000000
0.962947575523120, 0.279713727929781, 0.000000000000000
0.957694962421297, 0.297866890583668, 0.000000000000000
0.952103017873750, 0.315921485375554, 0.000000000000000
0.946173792370368, 0.333871177402411, 0.000000000000000
0.939909456295872, 0.351709674897328, 0.000000000000000
0.933312299116102, 0.369430731605771, 0.000000000000000
0.926384728511772, 0.387028149151543, 0.000000000000000
0.919129269459569, 0.404495779391048, 0.000000000000000
0.911548563260490, 0.421827526754449, 0.000000000000000
0.903645366515409, 0.439017350572274, 0.000000000000000
0.895422550047860, 0.456059267386050, 0.000000000000000
0.886883097774106, 0.472947353241481, 0.000000000000000
0.878030105520598, 0.489675745962705, 0.000000000000000
0.868866779788981, 0.506238647406163, 0.000000000000000
0.859396436468850, 0.522630325692564, 0.000000000000000
0.849622499498532, 0.538845117415480, 0.000000000000000
0.839548499474179, 0.554877429825046, 0.000000000000000
0.829178072207565, 0.570721742985286, 0.000000000000000
0.818514957232983, 0.586372611903546, 0.000000000000000
0.807562996263729, 0.601824668630555, 0.000000000000000
0.796326131598684, 0.617072624329605, 0.000000000000000
0.784808404479587, 0.632111271313368, 0.000000000000000
0.773013953399623, 0.646935485046882, 0.000000000000000
0.760947012364021, 0.661540226115225, 0.000000000000000
0.748611909103394, 0.675920542154441, 0.000000000000000
0.736013063240633, 0.690071569744268, 0.000000000000000
0.723154984412178, 0.703988536261256, 0.000000000000000
0.710042270344602, 0.717666761690884, 0.000000000000000
0.696679604887432, 0.731101660397285, 0.000000000000000
0.683071756003233, 0.744288742849249, 0.000000000000000
0.669223573716001, 0.757223617301158, 0.000000000000000
0.655139988018982, 0.769901991427589, 0.000000000000000
0.640826006743073, 0.782319673910295, 0.000000000000000
0.626286713386998, 0.794472575976350, 0.000000000000000
0.611527264910537, 0.806356712886272, 0.000000000000000
0.596552889492076, 0.817968205370951, 0.000000000000000
0.581368884251848, 0.829303281016286, 0.000000000000000
0.565980612942236, 0.840358275594449, 0.000000000000000
0.550393503606568, 0.851129634340750, 0.000000000000000
0.534613046207879, 0.861613913175118, 0.000000000000000
0.518644790229129, 0.871807779867263, 0.000000000000000
0.502494342246443, 0.881708015144633, 0.000000000000000
0.486167363476928, 0.891311513742334, 0.000000000000000
0.469669567302684, 0.900615285394212, 0.000000000000000
0.453006716772650, 0.909616455764390, 0.000000000000000
0.436184622083953, 0.918312267318570, 0.000000000000000
0.419209138044450, 0.926700080134478, 0.000000000000000
0.402086161518174, 0.934777372650899, 0.000000000000000
0.384821628855448, 0.942541742354793, 0.000000000000000
0.367421513309388, 0.949990906406047, 0.000000000000000
0.349891822440609, 0.957122702199481, 0.000000000000000
0.332238595511889, 0.963935087863779, 0.000000000000000
0.314467900874620, 0.970426142697087, 0.000000000000000
0.296585833348842, 0.976594067539078, 0.000000000000000
0.278598511598676, 0.982437185079338, 0.000000000000000
0.260512075504992, 0.987953940102012, 0.000000000000000
0.242332683537124, 0.993142899666677, 0.000000000000000
0.224066510125462, 0.998002753225508, 0.000000000000000
0.205719743036734, 1.002532312676844, 0.000000000000000
0.187298580753811, 1.006730512355325, 0.000000000000000
0.168809229861813, 1.010596408958839, 0.000000000000000
0.150257902442345, 1.014129181412583, 0.000000000000000
0.131650813477618, 1.017328130670586, 0.000000000000000
0.112994178266237, 1.020192679455127, 0.000000000000000
0.094294209852410, 1.022722371934515, 0.000000000000000
0.075557116470287, 1.024916873339783, 0.000000000000000
0.056789099005159, 1.026775969520879, 0.000000000000000
0.037996348473184, 1.028299566443018, 0.000000000000000
0.019185043521299, 1.029487689623901, 0.000000000000000
0.000361347948945, 1.030340483512558, 0.000000000000000
-0.018468591746805, 1.030858210810641, 0.000000000000000
-0.037298648801151, 1.031041251737029, 0.000000000000000
-0.056122718584973, 1.030890103236666, 0.000000000000000
-0.074934720980266, 1.030405378134593, 0.000000000000000
-0.093728602726135, 1.029587804236193, 0.000000000000000
-0.112498339733959, 1.028438223374708, 0.000000000000000
-0.131237939370334, 1.026957590407120, 0.000000000000000
-0.149941442706495, 1.025146972159547, 0.000000000000000
-0.168602926732921, 1.023007546323333, 0.000000000000000
-0.187216506537896, 1.020540600303053, 0.000000000000000
-0.205776337448844, 1.017747530017684, 0.000000000000000
-0.224276617135289, 1.014629838656228, 0.000000000000000
-0.242711587672371, 1.011189135389116, 0.000000000000000
-0.261075537563863, 1.007427134036726, 0.000000000000000
-0.279362803723717, 1.003345651696407, 0.000000000000000
-0.297567773415196, 0.998946607329384, 0.000000000000000
-0.315684886146715, 0.994232020308996, 0.000000000000000
-0.333708635523566, 0.989204008931684, 0.000000000000000
-0.351633571054742, 0.983864788892195, 0.000000000000000
-0.369454299914150, 0.978216671724490, 0.000000000000000
-0.387165488655546, 0.972262063209832, 0.000000000000000
-0.404761864880563, 0.966003461753552, 0.000000000000000
-0.422238218859298, 0.959443456732023, 0.000000000000000
-0.439589405102929, 0.952584726811334, 0.000000000000000
-0.456810343887927, 0.945430038239207, 0.000000000000000
-0.473896022731464, 0.937982243111668, 0.000000000000000
-0.490841497817656, 0.930244277616010, 0.000000000000000
-0.507641895374372, 0.922219160251555, 0.000000000000000
-0.524292413000354, 0.913909990029762, 0.000000000000000
-0.540788320942462, 0.905319944655173, 0.000000000000000
-0.557124963322915, 0.896452278688720, 0.000000000000000
-0.573297759316421, 0.887310321694890, 0.000000000000000
-0.589302204277189, 0.877897476374240, 0.000000000000000
-0.605133870815793, 0.868217216682739, 0.000000000000000
-0.620788409825986, 0.858273085939391, 0.000000000000000
-0.636261551461533, 0.848068694923607, 0.000000000000000
-0.651549106063240, 0.837607719963735, 0.000000000000000
-0.666646965036353, 0.826893901018176, 0.000000000000000
-0.681551101678567, 0.815931039750467, 0.000000000000000
-0.696257571958936, 0.804722997599710, 0.000000000000000
-0.710762515247977, 0.793273693847686, 0.000000000000000
-0.725062154999355, 0.781587103683983, 0.000000000000000
-0.739152799383517, 0.769667256270434, 0.000000000000000
-0.753030841873727, 0.757518232806142, 0.000000000000000
-0.766692761784958, 0.745144164594323, 0.000000000000000
-0.780135124766142, 0.732549231112208, 0.000000000000000
-0.793354583246317, 0.719737658085161, 0.000000000000000
-0.806347876835227, 0.706713715566198, 0.000000000000000
-0.819111832678970, 0.693481716022020, 0.000000000000000
-0.831643365771322, 0.680046012426655, 0.000000000000000
-0.843939479221369, 0.666410996363784, 0.000000000000000
-0.855997264478133, 0.652581096138770, 0.000000000000000
-0.867813901512878, 0.638560774901403, 0.000000000000000
-0.879386658959822, 0.624354528780306, 0.000000000000000
-0.890712894215983, 0.609966885029967, 0.000000000000000
-0.901790053500924, 0.595402400191258, 0.000000000000000
-0.912615671877163, 0.580665658266337, 0.000000000000000
-0.923187373232052, 0.565761268908746, 0.000000000000000
-0.933502870221917, 0.550693865629509, 0.000000000000000
-0.943559964179282, 0.535468104019990, 0.000000000000000
-0.953356544984012, 0.520088659992241, 0.000000000000000
-0.962890590899218, 0.504560228037528, 0.000000000000000
-0.972160168372756, 0.488887519503713, 0.000000000000000
-0.981163431805213, 0.473075260892088, 0.000000000000000
-0.989898623285212, 0.457128192174292, 0.000000000000000
-0.998364072292931, 0.441051065129834, 0.000000000000000
-1.006558195372694, 0.424848641704781, 0.000000000000000
-1.014479495775533, 0.408525692392078, 0.000000000000000
-1.022126563072582, 0.392086994633982, 0.000000000000000
-1.029498072740201, 0.375537331247031, 0.000000000000000
-1.036592785717700, 0.358881488869952, 0.000000000000000
-1.043409547938551, 0.342124256434871, 0.000000000000000
-1.049947289835971, 0.325270423662161, 0.000000000000000
-1.056205025823733, 0.308324779579255, 0.000000000000000
-1.062181853753106, 0.291292111063676, 0.000000000000000
-1.067876954346761, 0.274177201410554, 0.000000000000000
-1.073289590610525, 0.256984828924844, 0.000000000000000
-1.078419107223830, 0.239719765538450, 0.000000000000000
-1.083264929909703, 0.222386775452409, 0.000000000000000
-1.087826564785139, 0.204990613804290, 0.000000000000000
-1.092103597692690, 0.187536025360923, 0.000000000000000
-1.096095693514086, 0.170027743236545, 0.000000000000000
-1.099802595466700, 0.152470487636443, 0.000000000000000
-1.103224124383669, 0.134868964626130, 0.000000000000000
-1.106360177978439, 0.117227864926083, 0.000000000000000
-1.109210730094534, 0.099551862732040, 0.000000000000000
-1.111775829941305, 0.081845614560847, 0.000000000000000
-1.114055601316411, 0.064113758121803, 0.000000000000000
-1.116050241815774, 0.046360911213456, 0.000000000000000
-1.117760022031741, 0.028591670645757, 0.000000000000000
-1.119185284740162, 0.010810611187500, 0.000000000000000
-1.120326444077079, -0.006977715461092, 0.000000000000000
-1.121183984705721, -0.024768781670742, 0.000000000000000
-1.121758460974473, -0.042558084860617, 0.000000000000000
-1.122050496066468, -0.060341148451092, 0.000000000000000
-1.122060781141459, -0.078113522791979, 0.000000000000000
-1.121790074470579, -0.095870786066382, 0.000000000000000
-1.121239200564616, -0.113608545170401, 0.000000000000000
-1.120409049296389, -0.131322436568890, 0.000000000000000
-1.119300575017811, -0.149008127127496, 0.000000000000000
-1.117914795672205, -0.166661314921213, 0.000000000000000
-1.116252791902413, -0.184277730019706, 0.000000000000000
-1.114315706155250, -0.201853135249655, 0.000000000000000
-1.112104741782799, -0.219383326934383, 0.000000000000000
-1.109621162141075, -0.236864135611053, 0.000000000000000
-1.106866289686526, -0.254291426725705, 0.000000000000000
-1.103841505070855, -0.271661101306430, 0.000000000000000
-1.100548246234608, -0.288969096614972, 0.000000000000000
-1.096988007499995, -0.306211386777072, 0.000000000000000
-1.093162338663338, -0.323383983391840, 0.000000000000000
-1.089072844087579, -0.340482936120501, 0.000000000000000
-1.084721181795247, -0.357504333254795, 0.000000000000000
-1.080109062562255, -0.374444302265392, 0.000000000000000
-1.075238249012893, -0.391299010330613, 0.000000000000000
-1.070110554716391, -0.408064664845814, 0.000000000000000
-1.064727843285369, -0.424737513913745, 0.000000000000000
-1.059092027476508, -0.441313846816231, 0.000000000000000
-1.053205068293758, -0.457789994467501, 0.000000000000000
-1.047068974094375, -0.474162329849511, 0.000000000000000
-1.040685799698071, -0.490427268429597, 0.000000000000000
-1.034057645499556, -0.506581268560788, 0.000000000000000
-1.027186656584724, -0.522620831865135, 0.000000000000000
-1.020075021850725, -0.538542503600381, 0.000000000000000
-1.012724973130176, -0.554342873010322, 0.000000000000000
-1.005138784319703, -0.570018573659184, 0.000000000000000
-0.997318770513053, -0.585566283750371, 0.000000000000000
-0.989267287138950, -0.600982726429901, 0.000000000000000
-0.980986729103898, -0.616264670074886, 0.000000000000000
-0.972479529940095, -0.631408928567364, 0.000000000000000
-0.963748160958631, -0.646412361553836, 0.000000000000000
-0.954795130408117, -0.661271874690822, 0.000000000000000
-0.945622982638892, -0.675984419876772, 0.000000000000000
-0.936234297272936, -0.690546995470643, 0.000000000000000
-0.926631688379624, -0.704956646497475, 0.000000000000000
-0.916817803657418, -0.719210464841274, 0.000000000000000
-0.906795323621613, -0.733305589425516, 0.000000000000000
-0.896566960798232, -0.747239206381592, 0.000000000000000
-0.886135458924147, -0.761008549205487, 0.000000000000000
-0.875503592153516, -0.774610898902998, 0.000000000000000
-0.864674164270596, -0.788043584123806, 0.000000000000000
-0.853650007908995, -0.801303981284667, 0.000000000000000
-0.842433983777424, -0.814389514682043, 0.000000000000000
-0.831028979891981, -0.827297656594437, 0.000000000000000
-0.819437910815022, -0.840025927374723, 0.000000000000000
-0.807663716900635, -0.852571895532745, 0.000000000000000
-0.795709363546754, -0.864933177808464, 0.000000000000000
-0.783577840453922, -0.877107439235907, 0.000000000000000
-0.771272160890723, -0.889092393198197, 0.000000000000000
-0.758795360965880, -0.900885801473908, 0.000000000000000
-0.746150498907025, -0.912485474275009, 0.000000000000000
-0.733340654346132, -0.923889270276640, 0.000000000000000
-0.720368927611606, -0.935095096638957, 0.000000000000000
-0.707238439026999, -0.946100909021304, 0.000000000000000
-0.693952328216352, -0.956904711588920, 0.000000000000000
-0.680513753416114, -0.967504557012429, 0.000000000000000
-0.666925890793622, -0.977898546460323, 0.000000000000000
-0.653191933772100, -0.988084829584665, 0.000000000000000
-0.639315092362139, -0.998061604500219, 0.000000000000000
-0.625298592499617, -1.007827117757215, 0.000000000000000
-0.611145675390000, -1.017379664307957, 0.000000000000000
-0.596859596858989, -1.026717587467459, 0.000000000000000
-0.582443626709445, -1.035839278868321, 0.000000000000000
-0.567901048084542, -1.044743178410004, 0.000000000000000
-0.553235156837080, -1.053427774202720, 0.000000000000000
-0.538449260904896, -1.061891602506077, 0.000000000000000
-0.523546679692318, -1.070133247662686, 0.000000000000000
-0.508530743457565, -1.078151342026869, 0.000000000000000
-0.493404792706052, -1.085944565888643, 0.000000000000000
-0.478172177589503, -1.093511647393137, 0.000000000000000
-0.462836257310809, -1.100851362455584, 0.000000000000000
-0.447400399534541, -1.107962534672050, 0.000000000000000
-0.431867979803047, -1.114844035226028, 0.000000000000000
-0.416242380958053, -1.121494782791036, 0.000000000000000
-0.400526992567667, -1.127913743429357, 0.000000000000000
-0.384725210358724, -1.134099930487050, 0.000000000000000
-0.368840435654370, -1.140052404485340, 0.000000000000000
-0.352876074816796, -1.145770273008518, 0.000000000000000
-0.336835538695049, -1.151252690588466, 0.000000000000000
-0.320722242077816, -1.156498858585902, 0.000000000000000
-0.304539603151089, -1.161508025068462, 0.000000000000000
-0.288291042960631, -1.166279484685707, 0.000000000000000
-0.271979984879150, -1.170812578541167, 0.000000000000000
-0.255609854078069, -1.175106694061494, 0.000000000000000
-0.239184077003831, -1.179161264862814, 0.000000000000000
-0.222706080858616, -1.182975770614379, 0.000000000000000
-0.206179293085398, -1.186549736899561, 0.000000000000000
-0.189607140857238, -1.189882735074303, 0.000000000000000
-0.172993050570718, -1.192974382123057, 0.000000000000000
-0.156340447343433, -1.195824340512304, 0.000000000000000
-0.139652754515437, -1.198432318041702, 0.000000000000000
-0.122933393154560, -1.200798067692918, 0.000000000000000
-0.106185781565486, -1.202921387476209, 0.000000000000000
-0.089413334802529, -1.204802120274790, 0.000000000000000
-0.072619464185987, -1.206440153687037, 0.000000000000000
-0.055807576821995, -1.207835419866576, 0.000000000000000
-0.038981075125792, -1.208987895360276, 0.000000000000000
-0.022143356348303, -1.209897600944203, 0.000000000000000
-0.005297812105947, -1.210564601457553, 0.000000000000000
0.011552172086401, -1.210989005634592, 0.000000000000000
0.028403217279409, -1.211170965934629, 0.000000000000000
0.045251951550301, -1.211110678370044, 0.000000000000000
0.062095010460999, -1.210808382332389, 0.000000000000000
0.078929037513457, -1.210264360416559, 0.000000000000000
0.095750684602278, -1.209478938243080, 0.000000000000000
0.112556612464692, -1.208452484278478, 0.000000000000000
0.129343491127977, -1.207185409653766, 0.000000000000000
0.146108000354407, -1.205678167981035, 0.000000000000000
0.162846830083784, -1.203931255168149, 0.000000000000000
0.179556680873653, -1.201945209231545, 0.000000000000000
0.196234264337263, -1.199720610107117, 0.000000000000000
0.212876303579341, -1.197258079459194, 0.000000000000000
0.229479533629763, -1.194558280487581, 0.000000000000000
0.246040701875173, -1.191621917732649, 0.000000000000000
0.262556568488635, -1.188449736878466, 0.000000000000000
0.279023906857373, -1.185042524553944, 0.000000000000000
0.295439504008661, -1.181401108131963, 0.000000000000000
0.311800161033932, -1.177526355526470, 0.000000000000000
0.328102693511153, -1.173419174987508, 0.000000000000000
0.344343931925540, -1.169080514894148, 0.000000000000000
0.360520722088654, -1.164511363545290, 0.000000000000000
0.376629925555935, -1.159712748948304, 0.000000000000000
0.392668420042726, -1.154685738605459, 0.000000000000000
0.408633099838842, -1.149431439298120, 0.000000000000000
0.424520876221711, -1.143950996868645, 0.000000000000000
0.440328677868160, -1.138245595999971, 0.000000000000000
0.456053451264854, -1.132316459992809, 0.000000000000000
0.471692161117464, -1.126164850540424, 0.000000000000000
0.487241790758563, -1.119792067500946, 0.000000000000000
0.502699342554317, -1.113199448667145, 0.000000000000000
0.518061838309988, -1.106388369533649, 0.000000000000000
0.533326319674271, -1.099360243061509, 0.000000000000000
0.548489848542509, -1.092116519440093, 0.000000000000000
0.563549507458801, -1.084658685846231, 0.000000000000000
0.578502400017025, -1.076988266200549, 0.000000000000000
0.593345651260790, -1.069106820920950, 0.000000000000000
0.608076408082352, -1.061015946673160, 0.000000000000000
0.622691839620477, -1.052717276118290, 0.000000000000000
0.637189137657295, -1.044212477657341, 0.000000000000000
0.651565517014127, -1.035503255172594, 0.000000000000000
0.665818215946303, -1.026591347765816, 0.000000000000000
0.679944496536969, -1.017478529493210, 0.000000000000000
0.693941645089885, -1.008166609097051, 0.000000000000000
0.707806972521208, -0.998657429733928, 0.000000000000000
0.721537814750252, -0.988952868699534, 0.000000000000000
0.735131533089219, -0.979054837149924, 0.000000000000000
0.748585514631888, -0.968965279819175, 0.000000000000000
0.761897172641242, -0.958686174733374, 0.000000000000000
0.775063946936020, -0.948219532920873, 0.000000000000000
0.788083304276163, -0.937567398118717, 0.000000000000000
0.800952738747150, -0.926731846475198, 0.000000000000000
0.813669772143162, -0.915714986248442, 0.000000000000000
0.826231954349077, -0.904518957500971, 0.000000000000000
0.838636863721241, -0.893145931790158, 0.000000000000000
0.850882107466986, -0.881598111854509, 0.000000000000000
0.862965322022846, -0.869877731295692, 0.000000000000000
0.874884173431438, -0.857987054256252, 0.000000000000000
0.886636357716955, -0.845928375092925, 0.000000000000000
0.898219601259220, -0.833704018045501, 0.000000000000000
0.909631661166244, -0.821316336901137, 0.000000000000000
0.920870325645247, -0.808767714654079, 0.000000000000000
0.931933414372058, -0.796060563160700, 0.000000000000000
0.942818778858853, -0.783197322789800, 0.000000000000000
0.953524302820145, -0.770180462068095, 0.000000000000000
0.964047902536978, -0.757012477320820, 0.000000000000000
0.974387527219227, -0.743695892307398, 0.000000000000000
0.984541159365948, -0.730233257852096, 0.000000000000000
0.994506815123692, -0.716627151469602, 0.000000000000000
1.004282544642691, -0.702880176985479, 0.000000000000000
1.013866432430846, -0.688994964151409, 0.000000000000000
1.023256597705413, -0.674974168255198, 0.000000000000000
1.032451194742310, -0.660820469725451, 0.000000000000000
1.041448413222930, -0.646536573730894, 0.000000000000000
1.050246478578384, -0.632125209774262, 0.000000000000000
1.058843652331046, -0.617589131280717, 0.000000000000000
1.067238232433323, -0.602931115180743, 0.000000000000000
1.075428553603520, -0.588153961487462, 0.000000000000000
1.083412987658701, -0.573260492868337, 0.000000000000000
1.091189943844424, -0.558253554211211, 0.000000000000000
1.098757869161244, -0.543136012184645, 0.000000000000000
1.106115248687852, -0.527910754792510, 0.000000000000000
1.113260605900732, -0.512580690922809, 0.000000000000000
1.120192502990217, -0.497148749890685, 0.000000000000000
1.126909541172805, -0.481617880975593, 0.000000000000000
1.133410360999608, -0.465991052952600, 0.000000000000000
1.139693642660803, -0.450271253617801, 0.000000000000000
1.145758106285948, -0.434461489307819, 0.000000000000000
1.151602512240018, -0.418564784413380, 0.000000000000000
1.157225661415029, -0.402584180886945, 0.000000000000000
1.162626395517099, -0.386522737744384, 0.000000000000000
1.167803597348802, -0.370383530560696, 0.000000000000000
1.172756191086671, -0.354169650959766, 0.000000000000000
1.177483142553690, -0.337884206098151, 0.000000000000000
1.181983459486633, -0.321530318142920, 0.000000000000000
1.186256191798088, -0.305111123743532, 0.000000000000000
1.190300431833016, -0.288629773497788, 0.000000000000000
1.194115314619675, -0.272089431411854, 0.000000000000000
1.197700018114769, -0.255493274354387, 0.000000000000000
1.201053763442636, -0.238844491504790, 0.000000000000000
1.204175815128335, -0.222146283795622, 0.000000000000000
1.207065481324453, -0.205401863349191, 0.000000000000000
1.209722114031468, -0.188614452908388, 0.000000000000000
1.212145109311511, -0.171787285261785, 0.000000000000000
1.214333907495346, -0.154923602663059, 0.000000000000000
1.216287993382412, -0.138026656244790, 0.000000000000000
1.218006896433743, -0.121099705426690, 0.000000000000000
1.219490190957616, -0.104146017318332, 0.000000000000000
1.220737496287732, -0.087168866116445, 0.000000000000000
1.221748476953785, -0.070171532496842, 0.000000000000000
1.222522842844227, -0.053157303001072, 0.000000000000000
1.223060349361072, -0.036129469417870, 0.000000000000000
1.223360797566556, -0.019091328159501, 0.000000000000000
1.223424034321497, -0.002046179633084, 0.000000000000000
1.223249952415175, 0.015002672392991, 0.000000000000000
1.222838490686557, 0.032051921427456, 0.000000000000000
1.222189634136720, 0.049098258899259, 0.000000000000000
1.221303414032275, 0.066138374805238, 0.000000000000000
1.220179907999652, 0.083168958362247, 0.000000000000000
1.218819240110062, 0.100186698663619, 0.000000000000000
1.217221580954982, 0.117188285339827, 0.000000000000000
1.215387147711995, 0.134170409223197, 0.000000000000000
1.213316204200829, 0.151129763016543, 0.000000000000000
1.211009060929434, 0.168063041965558, 0.000000000000000
1.208466075129941, 0.184966944534821, 0.000000000000000
1.205687650784347, 0.201838173087241, 0.000000000000000
1.202674238639779, 0.218673434566793, 0.000000000000000
1.199426336213182, 0.235469441184351, 0.000000000000000
1.195944487785296, 0.252222911106456, 0.000000000000000
1.192229284383761, 0.268930569146830, 0.000000000000000
1.188281363755236, 0.285589147460447, 0.000000000000000
1.184101410326365, 0.302195386239964, 0.000000000000000
1.179690155153493, 0.318746034414326, 0.000000000000000
1.175048375860968, 0.335237850349317, 0.000000000000000
1.170176896567934, 0.351667602549873, 0.000000000000000
1.165076587803481, 0.368032070363918, 0.000000000000000
1.159748366410032, 0.384328044687524, 0.000000000000000
1.154193195434872, 0.400552328671155, 0.000000000000000
1.148412084009698, 0.416701738426771, 0.000000000000000
1.142406087218094, 0.432773103735564, 0.000000000000000
1.136176305950843, 0.448763268756065, 0.000000000000000
1.129723886748969, 0.464669092732414, 0.000000000000000
1.123050021634442, 0.480487450702506, 0.000000000000000
1.116155947928452, 0.496215234205791, 0.000000000000000
1.109042948057189, 0.511849351990457, 0.000000000000000
1.101712349345062, 0.527386730719740, 0.000000000000000
1.094165523795280, 0.542824315677093, 0.000000000000000
1.086403887857770, 0.558159071469951, 0.000000000000000
1.078428902184353, 0.573387982731826, 0.000000000000000
1.070242071371158, 0.588508054822443, 0.000000000000000
1.061844943688231, 0.603516314525649, 0.000000000000000
1.053239110796317, 0.618409810744820, 0.000000000000000
1.044426207450783, 0.633185615195472, 0.000000000000000
1.035407911192692, 0.647840823094795, 0.000000000000000
1.026185942026990, 0.662372553847825, 0.000000000000000
1.016762062087847, 0.676777951729962, 0.000000000000000
1.007138075291125, 0.691054186565542, 0.000000000000000
0.997315826974016, 0.705198454402165, 0.000000000000000
0.987297203521865, 0.719207978180500, 0.000000000000000
0.977084131982214, 0.733080008399248, 0.000000000000000
0.966678579666105, 0.746811823774991, 0.000000000000000
0.956082553736698, 0.760400731896606, 0.000000000000000
0.945298100785256, 0.773844069873961, 0.000000000000000
0.934327306394569, 0.787139204980601, 0.000000000000000
0.923172294689880, 0.800283535290096, 0.000000000000000
0.911835227877414, 0.813274490305795, 0.000000000000000
0.900318305770584, 0.826109531583652, 0.000000000000000
0.888623765303982, 0.838786153347851, 0.000000000000000
0.876753880035260, 0.851301883098926, 0.000000000000000
0.864710959635025, 0.863654282214083, 0.000000000000000
0.852497349364858, 0.875840946539429, 0.000000000000000
0.840115429543606, 0.887859506973833, 0.000000000000000
0.827567615002079, 0.899707630044105, 0.000000000000000
0.814856354526304, 0.911383018471235, 0.000000000000000
0.801984130289499, 0.922883411727390, 0.000000000000000
0.788953457272929, 0.934206586583400, 0.000000000000000
0.775766882675815, 0.945350357646454, 0.000000000000000
0.762426985314494, 0.956312577887727, 0.000000000000000
0.748936375011004, 0.967091139159689, 0.000000000000000
0.735297691971303, 0.977683972702803, 0.000000000000000
0.721513606153330, 0.988089049641373, 0.000000000000000
0.707586816625112, 0.998304381468288, 0.000000000000000
0.693520050913156, 1.008328020518392, 0.000000000000000
0.679316064341344, 1.018158060430252, 0.000000000000000
0.664977639360568, 1.027792636596086, 0.000000000000000
0.650507584869360, 1.037229926599597, 0.000000000000000
0.635908735525758, 1.046468150641509, 0.000000000000000
0.621183951050670, 1.055505571952569, 0.000000000000000
0.606336115523008, 1.064340497193800, 0.000000000000000
0.591368136666850, 1.072971276843803, 0.000000000000000
0.576282945130923, 1.081396305572900, 0.000000000000000
0.561083493760681, 1.089614022603927, 0.000000000000000
0.545772756863275, 1.097622912059484, 0.000000000000000
0.530353729465704, 1.105421503295474, 0.000000000000000
0.514829426566457, 1.113008371220743, 0.000000000000000
0.499202882380949, 1.120382136602669, 0.000000000000000
0.483477149581054, 1.127541466358537, 0.000000000000000
0.467655298529073, 1.134485073832557, 0.000000000000000
0.451740416506430, 1.141211719058385, 0.000000000000000
0.435735606937450, 1.147720209007008, 0.000000000000000
0.419643988608524, 1.154009397819883, 0.000000000000000
0.403468694883008, 1.160078187027212, 0.000000000000000
0.387212872912190, 1.165925525751241, 0.000000000000000
0.370879682842659, 1.171550410894501, 0.000000000000000
0.354472297020425, 1.176951887312897, 0.000000000000000
0.337993899192131, 1.182129047973573, 0.000000000000000
0.321447683703705, 1.187081034097474, 0.000000000000000
0.304836854696800, 1.191807035286567, 0.000000000000000
0.288164625303375, 1.196306289635660, 0.000000000000000
0.271434216838764, 1.200578083828775, 0.000000000000000
0.254648857993598, 1.204621753220062, 0.000000000000000
0.237811784024914, 1.208436681899226, 0.000000000000000
0.220926235946824, 1.212022302741451, 0.000000000000000
0.203995459721091, 1.215378097441836, 0.000000000000000
0.187022705447958, 1.218503596534339, 0.000000000000000
0.170011226557600, 1.221398379395256, 0.000000000000000
0.152964279002541, 1.224062074231262, 0.000000000000000
0.135885120451383, 1.226494358052056, 0.000000000000000
0.118777009484216, 1.228694956627647, 0.000000000000000
0.101643204790031, 1.230663644430357, 0.000000000000000
0.084486964366510, 1.232400244561590, 0.000000000000000
0.067311544722514, 1.233904628663457, 0.000000000000000
0.050120200083628, 1.235176716815332, 0.000000000000000
0.032916181601087, 1.236216477415447, 0.000000000000000
0.015702736564428, 1.237023927047613, 0.000000000000000
-0.001516892381798, 1.237599130333200, 0.000000000000000
-0.018739468016938, 1.237942199768477, 0.000000000000000
-0.035961759318436, 1.238053295547460, 0.000000000000000
-0.053180542231008, 1.237932625370396, 0.000000000000000
-0.070392600430472, 1.237580444238036, 0.000000000000000
-0.087594726081923, 1.236997054231846, 0.000000000000000
-0.104783720591952, 1.236182804280333, 0.000000000000000
-0.121956395354605, 1.235138089911634, 0.000000000000000
-0.139109572490787, 1.233863352992578, 0.000000000000000
-0.156240085580821, 1.232359081454376, 0.000000000000000
-0.173344780389885, 1.230625809005155, 0.000000000000000
-0.190420515586038, 1.228664114829529, 0.000000000000000
-0.207464163450586, 1.226474623275408, 0.000000000000000
-0.224472610580490, 1.224058003528277, 0.000000000000000
-0.241442758582596, 1.221414969273139, 0.000000000000000
-0.258371524759410, 1.218546278344377, 0.000000000000000
-0.275255842786182, 1.215452732363743, 0.000000000000000
-0.292092663379071, 1.212135176366733, 0.000000000000000
-0.308878954954144, 1.208594498417571, 0.000000000000000
-0.325611704277012, 1.204831629213067, 0.000000000000000
-0.342287917102860, 1.200847541675593, 0.000000000000000
-0.358904618806693, 1.196643250535443, 0.000000000000000
-0.375458855003579, 1.192219811902824, 0.000000000000000
-0.391947692158705, 1.187578322829768, 0.000000000000000
-0.408368218187071, 1.182719920862208, 0.000000000000000
-0.424717543042634, 1.177645783582521, 0.000000000000000
-0.440992799296745, 1.172357128142784, 0.000000000000000
-0.457191142705718, 1.166855210789050, 0.000000000000000
-0.473309752767379, 1.161141326376911, 0.000000000000000
-0.489345833266461, 1.155216807878643, 0.000000000000000
-0.505296612808694, 1.149083025882204, 0.000000000000000
-0.521159345343492, 1.142741388082398, 0.000000000000000
-0.536931310675087, 1.136193338764482, 0.000000000000000
-0.552609814962039, 1.129440358280503, 0.000000000000000
-0.568192191204979, 1.122483962518672, 0.000000000000000
-0.583675799722539, 1.115325702366068, 0.000000000000000
-0.599058028615342, 1.107967163164950, 0.000000000000000
-0.614336294218005, 1.100409964163004, 0.000000000000000
-0.629508041539086, 1.092655757957784, 0.000000000000000
-0.644570744688891, 1.084706229935673, 0.000000000000000
-0.659521907295124, 1.076563097705643, 0.000000000000000
-0.674359062906313, 1.068228110528114, 0.000000000000000
-0.689079775382978, 1.059703048739204, 0.000000000000000
-0.703681639276534, 1.050989723170664, 0.000000000000000
-0.718162280195879, 1.042089974565788, 0.000000000000000
-0.732519355161676, 1.033005672991591, 0.000000000000000
-0.746750552948326, 1.023738717247540, 0.000000000000000
-0.760853594413609, 1.014291034271123, 0.000000000000000
-0.774826232816041, 1.004664578540549, 0.000000000000000
-0.788666254119930, 0.994861331474848, 0.000000000000000
-0.802371477288176, 0.984883300831659, 0.000000000000000
-0.815939754562838, 0.974732520102984, 0.000000000000000
-0.829368971733507, 0.964411047909172, 0.000000000000000
-0.842657048393529, 0.953920967391413, 0.000000000000000
-0.855801938184135, 0.943264385603009, 0.000000000000000
-0.868801629026523, 0.932443432899676, 0.000000000000000
-0.881654143341965, 0.921460262329151, 0.000000000000000
-0.894357538260013, 0.910317049020355, 0.000000000000000
-0.906909905814860, 0.899015989572354, 0.000000000000000
-0.919309373129963, 0.887559301443394, 0.000000000000000
-0.931554102590988, 0.875949222340225, 0.000000000000000
-0.943642292007197, 0.864188009607971, 0.000000000000000
-0.955572174761340, 0.852277939620783, 0.000000000000000
-0.967342019948194, 0.840221307173501, 0.000000000000000
-0.978950132501819, 0.828020424874554, 0.000000000000000
-0.990394853311667, 0.815677622540319, 0.000000000000000
-1.001674559327648, 0.803195246591168, 0.000000000000000
-1.012787663654280, 0.790575659449397, 0.000000000000000
-1.023732615634042, 0.777821238939261, 0.000000000000000
-1.034507900920060, 0.764934377689316, 0.000000000000000
-1.045112041538264, 0.751917482537262, 0.000000000000000
-1.055543595939137, 0.738772973937475, 0.000000000000000
-1.065801159039220, 0.725503285371439, 0.000000000000000
-1.075883362252483, 0.712110862761233, 0.000000000000000
-1.085788873511737, 0.698598163886266, 0.000000000000000
-1.095516397280217, 0.684967657803439, 0.000000000000000
-1.105064674553494, 0.671221824270882, 0.000000000000000
-1.114432482851869, 0.657363153175447, 0.000000000000000
-1.123618636203404, 0.643394143964107, 0.000000000000000
-1.132621985117747, 0.629317305079409, 0.000000000000000
-1.141441416550911, 0.615135153399133, 0.000000000000000
-1.150075853861176, 0.600850213680297, 0.000000000000000
-1.158524256756260, 0.586465018007646, 0.000000000000000
-1.166785621231951, 0.571982105246748, 0.000000000000000
-1.174858979502338, 0.557404020501838, 0.000000000000000
-1.182743399921827, 0.542733314578507, 0.000000000000000
-1.190437986899106, 0.527972543451381, 0.000000000000000
-1.197941880803226, 0.513124267736872, 0.000000000000000
-1.205254257861974, 0.498191052171127, 0.000000000000000
-1.212374330052698, 0.483175465093261, 0.000000000000000
-1.219301344985772, 0.468080077933976, 0.000000000000000
-1.226034585780860, 0.452907464709658, 0.000000000000000
-1.232573370936148, 0.437660201522033, 0.000000000000000
-1.238917054190734, 0.422340866063458, 0.000000000000000
-1.245065024380331, 0.406952037127936, 0.000000000000000
-1.251016705286457, 0.391496294127914, 0.000000000000000
-1.256771555479294, 0.375976216616930, 0.000000000000000
-1.262329068154374, 0.360394383818184, 0.000000000000000
-1.267688770963274, 0.344753374159068, 0.000000000000000
-1.272850225838478, 0.329055764811735, 0.000000000000000
-1.277813028812590, 0.313304131239723, 0.000000000000000
-1.282576809832045, 0.297501046750710, 0.000000000000000
-1.287141232565515, 0.281649082055415, 0.000000000000000
-1.291505994207143, 0.265750804832695, 0.000000000000000
-1.295670825274797, 0.249808779300860, 0.000000000000000
-1.299635489403495, 0.233825565795239, 0.000000000000000
-1.303399783134162, 0.217803720352025, 0.000000000000000
-1.306963535697887, 0.201745794298399, 0.000000000000000
-1.310326608795840, 0.185654333848976, 0.000000000000000
-1.313488896374997, 0.169531879708564, 0.000000000000000
-1.316450324399841, 0.153380966681253, 0.000000000000000
-1.319210850620186, 0.137204123285841, 0.000000000000000
-1.321770464335283, 0.121003871377590, 0.000000000000000
-1.324129186154358, 0.104782725776322, 0.000000000000000
-1.326287067753719, 0.088543193900843, 0.000000000000000
-1.328244191630605, 0.072287775409684, 0.000000000000000
-1.330000670853899, 0.056018961848161, 0.000000000000000
-1.331556648811855, 0.039739236301720, 0.000000000000000
-1.332912298956987, 0.023451073055570, 0.000000000000000
-1.334067824548257, 0.007156937260576, 0.000000000000000
-1.335023458390685, -0.009140715394617, 0.000000000000000
-1.335779462572545, -0.025439439005244, 0.000000000000000
-1.336336128200241, -0.041736797765889, 0.000000000000000
-1.336693775131038, -0.058030366279809, 0.000000000000000
-1.336852751703732, -0.074317729862129, 0.000000000000000
-1.336813434467419, -0.090596484836946, 0.000000000000000
-1.336576227908468, -0.106864238828389, 0.000000000000000
-1.336141564175825, -0.123118611045656, 0.000000000000000
-1.335509902804768, -0.139357232562083, 0.000000000000000
-1.334681730439224, -0.155577746588285, 0.000000000000000
-1.333657560552775, -0.171777808739409, 0.000000000000000
-1.332437933168441, -0.187955087296543, 0.000000000000000
-1.331023414577380, -0.204107263462342, 0.000000000000000
-1.329414597056584, -0.220232031610904, 0.000000000000000
-1.327612098585696, -0.236327099531960, 0.000000000000000
-1.325616562563035, -0.252390188669422, 0.000000000000000
-1.323428657520941, -0.268419034354348, 0.000000000000000
-1.321049076840530, -0.284411386032372, 0.000000000000000
-1.318478538465953, -0.300365007485669, 0.000000000000000
-1.315717784618261, -0.316277677049495, 0.000000000000000
-1.312767581508952, -0.332147187823373, 0.000000000000000
-1.309628719053302, -0.347971347876980, 0.000000000000000
-1.306302010583558, -0.363747980450798, 0.000000000000000
-1.302788292562070, -0.379474924151583, 0.000000000000000
-1.299088424294464, -0.395150033142727, 0.000000000000000
-1.295203287642905, -0.410771177329560, 0.000000000000000
-1.291133786739555, -0.426336242539670, 0.000000000000000
-1.286880847700277, -0.441843130698297, 0.000000000000000
-1.282445418338673, -0.457289759998869, 0.000000000000000
-1.277828467880517, -0.472674065068740, 0.000000000000000
-1.273030986678650, -0.487993997130204, 0.000000000000000
-1.268053985928406, -0.503247524156848, 0.000000000000000
-1.262898497383634, -0.518432631025302, 0.000000000000000
-1.257565573073362, -0.533547319662472, 0.000000000000000
-1.252056285019188, -0.548589609188294, 0.000000000000000
-1.246371724953423, -0.563557536054113, 0.000000000000000
-1.240513004038070, -0.578449154176720, 0.000000000000000
-1.234481252584669, -0.593262535068135, 0.000000000000000
-1.228277619775072, -0.607995767961195, 0.000000000000000
-1.221903273383190, -0.622646959931022, 0.000000000000000
-1.215359399497759, -0.637214236012425, 0.000000000000000
-1.208647202246175, -0.651695739313321, 0.000000000000000
-1.201767903519434, -0.666089631124231, 0.000000000000000
-1.194722742698217, -0.680394091023911, 0.000000000000000
-1.187512976380169, -0.694607316981211, 0.000000000000000
-1.180139878108396, -0.708727525453197, 0.000000000000000
-1.172604738101228, -0.722752951479627, 0.000000000000000
-1.164908862983268, -0.736681848773837, 0.000000000000000
-1.157053575517771, -0.750512489810095, 0.000000000000000
-1.149040214340382, -0.764243165907515, 0.000000000000000
-1.140870133694245, -0.777872187310556, 0.000000000000000
-1.132544703166541, -0.791397883266218, 0.000000000000000
-1.124065307426446, -0.804818602097954, 0.000000000000000
-1.115433345964561, -0.818132711276395, 0.000000000000000
-1.106650232833815, -0.831338597486934, 0.000000000000000
-1.097717396391880, -0.844434666694244, 0.000000000000000
-1.088636279045104, -0.857419344203776, 0.000000000000000
-1.079408336993983, -0.870291074720313, 0.000000000000000
-1.070035039980194, -0.883048322403644, 0.000000000000000
-1.060517871035198, -0.895689570921397, 0.000000000000000
-1.050858326230427, -0.908213323499122, 0.000000000000000
-1.041057914429075, -0.920618102967655, 0.000000000000000
-1.031118157039494, -0.932902451807838, 0.000000000000000
-1.021040587770210, -0.945064932192655, 0.000000000000000
-1.010826752386570, -0.957104126026828, 0.000000000000000
-1.000478208469021, -0.969018634983944, 0.000000000000000
-0.989996525173037, -0.980807080541159, 0.000000000000000
-0.979383282990686, -0.992468104011542, 0.000000000000000
-0.968640073513860, -1.004000366574110, 0.000000000000000
-0.957768499199145, -1.015402549301609, 0.000000000000000
-0.946770173134362, -1.026673353186091, 0.000000000000000
-0.935646718806761, -1.037811499162343, 0.000000000000000
-0.924399769872868, -1.048815728129229, 0.000000000000000
-0.913030969929999, -1.059684800968971, 0.000000000000000
-0.901541972289424, -1.070417498564445, 0.000000000000000
-0.889934439751182, -1.081012621814532, 0.000000000000000
-0.878210044380554, -1.091468991647566, 0.000000000000000
-0.866370467286169, -1.101785449032938, 0.000000000000000
-0.854417398399761, -1.111960854990897, 0.000000000000000
-0.842352536257552, -1.121994090600593, 0.000000000000000
-0.830177587783268, -1.131884057006416, 0.000000000000000
-0.817894268072768, -1.141629675422667, 0.000000000000000
-0.805504300180289, -1.151229887136606, 0.000000000000000
-0.793009414906293, -1.160683653509924, 0.000000000000000
-0.780411350586904, -1.169989955978683, 0.000000000000000
-0.767711852884928, -1.179147796051759, 0.000000000000000
-0.754912674582450, -1.188156195307827, 0.000000000000000
-0.742015575374979, -1.197014195390945, 0.000000000000000
-0.729022321667154, -1.205720858004756, 0.000000000000000
-0.715934686369976, -1.214275264905351, 0.000000000000000
-0.702754448699566, -1.222676517892843, 0.000000000000000
-0.689483393977433, -1.230923738801676, 0.000000000000000
-0.676123313432228, -1.239016069489704, 0.000000000000000
-0.662676004002991, -1.246952671826087, 0.000000000000000
-0.649143268143848, -1.254732727678025, 0.000000000000000
-0.635526913630165, -1.262355438896373, 0.000000000000000
-0.621828753366135, -1.269820027300165, 0.000000000000000
-0.608050605193776, -1.277125734660077, 0.000000000000000
-0.594194291703337, -1.284271822680871, 0.000000000000000
-0.580261640045076, -1.291257572982834, 0.000000000000000
-0.566254481742410, -1.298082287082252, 0.000000000000000
-0.552174652506415, -1.304745286370951, 0.000000000000000
-0.538023992051644, -1.311245912094919, 0.000000000000000
-0.523804343913269, -1.317583525332051, 0.000000000000000
-0.509517555265505, -1.323757506969038, 0.000000000000000
-0.495165476741311, -1.329767257677417, 0.000000000000000
-0.480749962253346, -1.335612197888823, 0.000000000000000
-0.466272868816158, -1.341291767769455, 0.000000000000000
-0.451736056369589, -1.346805427193784, 0.000000000000000
-0.437141387603374, -1.352152655717525, 0.000000000000000
-0.422490727782913, -1.357332952549891, 0.000000000000000
-0.407785944576208, -1.362345836525161, 0.000000000000000
-0.393028907881918, -1.367190846073567, 0.000000000000000
-0.378221489658546, -1.371867539191537, 0.000000000000000
-0.363365563754705, -1.376375493411291, 0.000000000000000
-0.348463005740470, -1.380714305769835, 0.000000000000000
-0.333515692739767, -1.384883592777346, 0.000000000000000
-0.318525503263811, -1.388882990384979, 0.000000000000000
-0.303494317045538, -1.392712153952110, 0.000000000000000
-0.288424014875037, -1.396370758213026, 0.000000000000000
-0.273316478435947, -1.399858497243079, 0.000000000000000
-0.258173590142800, -1.403175084424320, 0.000000000000000
-0.242997232979291, -1.406320252410627, 0.000000000000000
-0.227789290337454, -1.409293753092330, 0.000000000000000
-0.212551645857719, -1.412095357560359, 0.000000000000000
-0.197286183269838, -1.414724856069918, 0.000000000000000
-0.181994786234640, -1.417182058003698, 0.000000000000000
-0.166679338186622, -1.419466791834634, 0.000000000000000
-0.151341722177327, -1.421578905088225, 0.000000000000000
-0.135983820719507, -1.423518264304418, 0.000000000000000
-0.120607515632040, -1.425284754999067, 0.000000000000000
-0.105214687885587, -1.426878281624972, 0.000000000000000
-0.089807217448959, -1.428298767532513, 0.000000000000000
-0.074386983136185, -1.429546154929868, 0.000000000000000
-0.058955862454254, -1.430620404842847, 0.000000000000000
-0.043515731451502, -1.431521497074312, 0.000000000000000
-0.028068464566647, -1.432249430163230, 0.000000000000000
-0.012615934478422, -1.432804221343318, 0.000000000000000
0.002839988044184, -1.433185906501321, 0.000000000000000
0.018297434291127, -1.433394540134903, 0.000000000000000
0.033754537759943, -1.433430195310157, 0.000000000000000
0.049209434303856, -1.433292963618748, 0.000000000000000
0.064660262279373, -1.432982955134670, 0.000000000000000
0.080105162693380, -1.432500298370634, 0.000000000000000
0.095542279349763, -1.431845140234078, 0.000000000000000
0.110969758995578, -1.431017645982801, 0.000000000000000
0.126385751466777, -1.430017999180223, 0.000000000000000
0.141788409833516, -1.428846401650259, 0.000000000000000
0.157175890545064, -1.427503073431816, 0.000000000000000
0.172546353574329, -1.425988252732910, 0.000000000000000
0.187897962562016, -1.424302195884381, 0.000000000000000
0.203228884960444, -1.422445177293236, 0.000000000000000
0.218537292177023, -1.420417489395576, 0.000000000000000
0.233821359717431, -1.418219442609142, 0.000000000000000
0.249079267328484, -1.415851365285435, 0.000000000000000
0.264309199140731, -1.413313603661440, 0.000000000000000
0.279509343810791, -1.410606521810926, 0.000000000000000
0.294677894663432, -1.407730501595315, 0.000000000000000
0.309813049833430, -1.404685942614130, 0.000000000000000
0.324913012407207, -1.401473262154994, 0.000000000000000
0.339975990564266, -1.398092895143183, 0.000000000000000
0.355000197718446, -1.394545294090723, 0.000000000000000
0.369983852659006, -1.390830929045024, 0.000000000000000
0.384925179691542, -1.386950287537030, 0.000000000000000
0.399822408778775, -1.382903874528892, 0.000000000000000
0.414673775681200, -1.378692212361140, 0.000000000000000
0.429477522097623, -1.374315840699354, 0.000000000000000
0.444231895805589, -1.369775316480306, 0.000000000000000
0.458935150801728, -1.365071213857587, 0.000000000000000
0.473585547442013, -1.360204124146679, 0.000000000000000
0.488181352581955, -1.355174655769486, 0.000000000000000
0.502720839716743, -1.349983434198285, 0.000000000000000
0.517202289121338, -1.344631101899108, 0.000000000000000
0.531623987990530, -1.339118318274522, 0.000000000000000
0.545984230578972, -1.333445759605810, 0.000000000000000
0.560281318341207, -1.327614118994523, 0.000000000000000
0.574513560071673, -1.321624106303400, 0.000000000000000
0.588679272044732, -1.315476448096634, 0.000000000000000
0.602776778154694, -1.309171887579473, 0.000000000000000
0.616804410055871, -1.302711184537138, 0.000000000000000
0.630760507302655, -1.296095115273042, 0.000000000000000
0.644643417489636, -1.289324472546298, 0.000000000000000
0.658451496391751, -1.282400065508487, 0.000000000000000
0.672183108104494, -1.275322719639689, 0.000000000000000
0.685836625184170, -1.268093276683741, 0.000000000000000
0.699410428788212, -1.260712594582712, 0.000000000000000
0.712902908815562, -1.253181547410582, 0.000000000000000
0.726312464047117, -1.245501025306097, 0.000000000000000
0.739637502286251, -1.237671934404789, 0.000000000000000
0.752876440499411, -1.229695196770143, 0.000000000000000
0.766027704956787, -1.221571750323883, 0.000000000000000
0.779089731373071, -1.213302548775370, 0.000000000000000
0.792060965048287, -1.204888561550082, 0.000000000000000
0.804939861008715, -1.196330773717164, 0.000000000000000
0.817724884147889, -1.187630185916031, 0.000000000000000
0.830414509367692, -1.178787814281985, 0.000000000000000
0.843007221719521, -1.169804690370850, 0.000000000000000
0.855501516545542, -1.160681861082597, 0.000000000000000
0.867895899620031, -1.151420388583921, 0.000000000000000
0.880188887290784, -1.142021350229781, 0.000000000000000
0.892379006620610, -1.132485838483849, 0.000000000000000
0.904464795528900, -1.122814960837879, 0.000000000000000
0.916444802933259, -1.113009839729945, 0.000000000000000
0.928317588891209, -1.103071612461548, 0.000000000000000
0.940081724741949, -1.093001431113560, 0.000000000000000
0.951735793248174, -1.082800462460992, 0.000000000000000
0.963278388737940, -1.072469887886549, 0.000000000000000
0.974708117246568, -1.062010903292973, 0.000000000000000
0.986023596658591, -1.051424719014127, 0.000000000000000
0.997223456849720, -1.040712559724822, 0.000000000000000
1.008306339828830, -1.029875664349344, 0.000000000000000
1.019270899879958, -1.018915285968678, 0.000000000000000
1.030115803704296, -1.007832691726392, 0.000000000000000
1.040839730562171, -0.996629162733169, 0.000000000000000
1.051441372415010, -0.985305993969955, 0.000000000000000
1.061919434067260, -0.973864494189718, 0.000000000000000
1.072272633308266, -0.962305985817774, 0.000000000000000
1.082499701054092, -0.950631804850676, 0.000000000000000
1.092599381489260, -0.938843300753638, 0.000000000000000
1.102570432208404, -0.926941836356469, 0.000000000000000
1.112411624357822, -0.914928787747999, 0.000000000000000
1.122121742776908, -0.902805544168977, 0.000000000000000
1.131699586139441, -0.890573507903412, 0.000000000000000
1.141143967094732, -0.878234094168350, 0.000000000000000
1.150453712408588, -0.865788731002046, 0.000000000000000
1.159627663104096, -0.853238859150526, 0.000000000000000
1.168664674602192, -0.840585931952515, 0.000000000000000
1.177563616862001, -0.827831415222705, 0.000000000000000
1.186323374520935, -0.814976787133341, 0.000000000000000
1.194942847034505, -0.802023538094119, 0.000000000000000
1.203420948815857, -0.788973170630359, 0.000000000000000
1.211756609374982, -0.775827199259441, 0.000000000000000
1.219948773457587, -0.762587150365487, 0.000000000000000
1.227996401183612, -0.749254562072260, 0.000000000000000
1.235898468185344, -0.735830984114277, 0.000000000000000
1.243653965745134, -0.722317977706095, 0.000000000000000
1.251261900932662, -0.708717115409778, 0.000000000000000
1.258721296741741, -0.695029981000502, 0.000000000000000
1.266031192226627, -0.681258169330298, 0.000000000000000
1.273190642637808, -0.667403286189907, 0.000000000000000
1.280198719557235, -0.653466948168735, 0.000000000000000
1.287054511032981, -0.639450782512881, 0.000000000000000
1.293757121713284, -0.625356426981244, 0.000000000000000
1.300305672979950, -0.611185529699665, 0.000000000000000
1.306699303081078, -0.596939749013115, 0.000000000000000
1.312937167263084, -0.582620753335891, 0.000000000000000
1.319018437901986, -0.568230220999831, 0.000000000000000
1.324942304633913, -0.553769840100511, 0.000000000000000
1.330707974484804, -0.539241308341425, 0.000000000000000
1.336314671999276, -0.524646332876128, 0.000000000000000
1.341761639368603, -0.509986630148342, 0.000000000000000
1.347048136557789, -0.495263925729998, 0.000000000000000
1.352173441431682, -0.480479954157212, 0.000000000000000
1.357136849880110, -0.465636458764185, 0.000000000000000
1.361937675941980, -0.450735191515020, 0.000000000000000
1.366575251928321, -0.435777912833435, 0.000000000000000
1.371048928544218, -0.420766391430384, 0.000000000000000
1.375358075009599, -0.405702404129557, 0.000000000000000
1.379502079178842, -0.390587735690774, 0.000000000000000
1.383480347659158, -0.375424178631245, 0.000000000000000
1.387292305927696, -0.360213533044713, 0.000000000000000
1.390937398447351, -0.344957606418459, 0.000000000000000
1.394415088781211, -0.329658213448173, 0.000000000000000
1.397724859705612, -0.314317175850693, 0.000000000000000
1.400866213321754, -0.298936322174595, 0.000000000000000
1.403838671165833, -0.283517487608652, 0.000000000000000
1.406641774317642, -0.268062513788149, 0.000000000000000
1.409275083507607, -0.252573248599061, 0.000000000000000
1.411738179222195, -0.237051545980096, 0.000000000000000
1.414030661807664, -0.221499265722598, 0.000000000000000
1.416152151572100, -0.205918273268325, 0.000000000000000
1.418102288885694, -0.190310439505106, 0.000000000000000
1.419880734279221, -0.174677640560367, 0.000000000000000
1.421487168540658, -0.159021757592560, 0.000000000000000
1.422921292809907, -0.143344676580472, 0.000000000000000
1.424182828671574, -0.127648288110452, 0.000000000000000
1.425271518245740, -0.111934487161546, 0.000000000000000
1.426187124276700, -0.096205172888558, 0.000000000000000
1.426929430219599, -0.080462248403051, 0.000000000000000
1.427498240324929, -0.064707620552300, 0.000000000000000
1.427893379720830, -0.048943199696208, 0.000000000000000
1.428114694493157, -0.033170899482210, 0.000000000000000
1.428162051763248, -0.017392636618163, 0.000000000000000
1.428035339763352, -0.001610330643270, 0.000000000000000
1.427734467909670, 0.014174096302975, 0.000000000000000
1.427259366872953, 0.029958719713780, 0.000000000000000
1.426609988646608, 0.045741612949972, 0.000000000000000
1.425786306612265, 0.061520847476810, 0.000000000000000
1.424788315602753, 0.077294493102679, 0.000000000000000
1.423616031962440, 0.093060618219631, 0.000000000000000
1.422269493604870, 0.108817290045749, 0.000000000000000
1.420748760067678, 0.124562574869313, 0.000000000000000
1.419053912564702, 0.140294538294721, 0.000000000000000
1.417185054035262, 0.156011245490162, 0.000000000000000
1.415142309190549, 0.171710761436981, 0.000000000000000
1.412925824557080, 0.187391151180722, 0.000000000000000
1.410535768517165, 0.203050480083809, 0.000000000000000
1.407972331346340, 0.218686814079827, 0.000000000000000
1.405235725247723, 0.234298219929371, 0.000000000000000
1.402326184383230, 0.249882765477416, 0.000000000000000
1.399243964901627, 0.265438519912190, 0.000000000000000
1.395989344963349, 0.280963554025471, 0.000000000000000
1.392562624762051, 0.296455940474314, 0.000000000000000
1.388964126542848, 0.311913754044120, 0.000000000000000
1.385194194617185, 0.327335071913033, 0.000000000000000
1.381253195374312, 0.342717973917604, 0.000000000000000
1.377141517289297, 0.358060542819680, 0.000000000000000
1.372859570927554, 0.373360864574466, 0.000000000000000
1.368407788945833, 0.388617028599720, 0.000000000000000
1.363786626089627, 0.403827128046007, 0.000000000000000
1.358996559186966, 0.418989260067992, 0.000000000000000
1.354038087138546, 0.434101526096689, 0.000000000000000
1.348911730904161, 0.449162032112626, 0.000000000000000
1.343618033485390, 0.464168888919871, 0.000000000000000
1.338157559904517, 0.479120212420852, 0.000000000000000
1.332530897179628, 0.494014123891920, 0.000000000000000
1.326738654295865, 0.508848750259592, 0.000000000000000
1.320781462172792, 0.523622224377416, 0.000000000000000
1.314659973627842, 0.538332685303389, 0.000000000000000
1.308374863335816, 0.552978278577874, 0.000000000000000
1.301926827784393, 0.567557156501943, 0.000000000000000
1.295316585225631, 0.582067478416085, 0.000000000000000
1.288544875623428, 0.596507410979212, 0.000000000000000
1.281612460596901, 0.610875128447892, 0.000000000000000
1.274520123359677, 0.625168812955746, 0.000000000000000
1.267268668655059, 0.639386654792929, 0.000000000000000
1.259858922687039, 0.653526852685637, 0.000000000000000
1.252291733047147, 0.667587614075558, 0.000000000000000
1.244567968637103, 0.681567155399201, 0.000000000000000
1.236688519587260, 0.695463702367016, 0.000000000000000
1.228654297170818, 0.709275490242258, 0.000000000000000
1.220466233713786, 0.723000764119483, 0.000000000000000
1.212125282500685, 0.736637779202629, 0.000000000000000
1.203632417675974, 0.750184801082591, 0.000000000000000
1.194988634141184, 0.763640106014219, 0.000000000000000
1.186194947447757, 0.777001981192649, 0.000000000000000
1.177252393685573, 0.790268725028901, 0.000000000000000
1.168162029367161, 0.803438647424661, 0.000000000000000
1.158924931307592, 0.816510070046152, 0.000000000000000
1.149542196500041, 0.829481326597042, 0.000000000000000
1.140014941987024, 0.842350763090271, 0.000000000000000
1.130344304727311, 0.855116738118750, 0.000000000000000
1.120531441458503, 0.867777623124825, 0.000000000000000
1.110577528555297, 0.880331802668429, 0.000000000000000
1.100483761883421, 0.892777674693851, 0.000000000000000
1.090251356649269, 0.905113650795017, 0.000000000000000
1.079881547245225, 0.917338156479214, 0.000000000000000
1.069375587090701, 0.929449631429176, 0.000000000000000
1.058734748468890, 0.941446529763431, 0.000000000000000
1.047960322359264, 0.953327320294837, 0.000000000000000
1.037053618265810, 0.965090486787227, 0.000000000000000
1.026015964041054, 0.976734528210061, 0.000000000000000
1.014848705705859, 0.988257958991018, 0.000000000000000
1.003553207265052, 0.999659309266431, 0.000000000000000
0.992130850518871, 1.010937125129496, 0.000000000000000
0.980583034870295, 1.022089968876149, 0.000000000000000
0.968911177128252, 1.033116419248545, 0.000000000000000
0.957116711306757, 1.044015071676052, 0.000000000000000
0.945201088420003, 1.054784538513672, 0.000000000000000
0.933165776273442, 1.065423449277803, 0.000000000000000
0.921012259250890, 1.075930450879278, 0.000000000000000
0.908742038097698, 1.086304207853574, 0.000000000000000
0.896356629700025, 1.096543402588127, 0.000000000000000
0.883857566860260, 1.106646735546667, 0.000000000000000
0.871246398068631, 1.116612925490495, 0.000000000000000
0.858524687271056, 1.126440709696615, 0.000000000000000
0.845694013633273, 1.136128844172653, 0.000000000000000
0.832755971301306, 1.145676103868479, 0.000000000000000
0.819712169158323, 1.155081282884457, 0.000000000000000
0.806564230577927, 1.164343194676241, 0.000000000000000
0.793313793173948, 1.173460672256060, 0.000000000000000
0.779962508546786, 1.182432568390388, 0.000000000000000
0.766512042026369, 1.191257755793961, 0.000000000000000
