0.999996997495189, 0.000000000000000, 0.000000000000000
0.999641691735992, 0.018849499305548, 0.000000000000000
0.998931017146618, 0.037692297665454, 0.000000000000000
0.997865037155649, 0.056521689396815, 0.000000000000000
0.996443941938121, 0.075330966451412, 0.000000000000000
0.994668048617137, 0.094113420818795, 0.000000000000000
0.992537801419739, 0.112862346939546, 0.000000000000000
0.990053771786589, 0.131571044127835, 0.000000000000000
0.987216658435042, 0.150232819002407, 0.000000000000000
0.984027287375199, 0.168840987925058, 0.000000000000000
0.980486611878542, 0.187388879445710, 0.000000000000000
0.976595712398794, 0.205869836753119, 0.000000000000000
0.972355796444627, 0.224277220130265, 0.000000000000000
0.967768198403907, 0.242604409413455, 0.000000000000000
0.962834379319139, 0.260844806454141, 0.000000000000000
0.957555926613843, 0.278991837582440, 0.000000000000000
0.951934553769570, 0.297038956071355, 0.000000000000000
0.945972099953317, 0.314979644600638, 0.000000000000000
0.939670529595122, 0.332807417719251, 0.000000000000000
0.933031931915624, 0.350515824305373, 0.000000000000000
0.926058520403426, 0.368098450022853, 0.000000000000000
0.918752632242092, 0.385548919773039, 0.000000000000000
0.911116727686675, 0.402860900140871, 0.000000000000000
0.903153389389646, 0.420028101834123, 0.000000000000000
0.894865321676184, 0.437044282114684, 0.000000000000000
0.886255349768753, 0.453903247220722, 0.000000000000000
0.877326418960966, 0.470598854778614, 0.000000000000000
0.868081593740743, 0.487125016203472, 0.000000000000000
0.858524056862802, 0.503475699087120, 0.000000000000000
0.848657108370547, 0.519644929572348, 0.000000000000000
0.838484164567464, 0.535626794712275, 0.000000000000000
0.828008756938150, 0.551415444813659, 0.000000000000000
0.817234531019130, 0.567005095762942, 0.000000000000000
0.806165245219662, 0.582390031333896, 0.000000000000000
0.794804769592751, 0.597564605475629, 0.000000000000000
0.783157084556622, 0.612523244579822, 0.000000000000000
0.771226279566947, 0.627260449725961, 0.000000000000000
0.759016551740139, 0.641770798903415, 0.000000000000000
0.746532204428072, 0.656048949209154, 0.000000000000000
0.733777645744597, 0.670089639019941, 0.000000000000000
0.720757387044294, 0.683887690137809, 0.000000000000000
0.707476041353889, 0.697438009907657, 0.000000000000000
0.693938321756824, 0.710735593305797, 0.000000000000000
0.680149039731514, 0.723775524998298, 0.000000000000000
0.666113103443807, 0.736552981367959, 0.000000000000000
0.651835515994265, 0.749063232508789, 0.000000000000000
0.637321373620849, 0.761301644186850, 0.000000000000000
0.622575863857677, 0.773263679766339, 0.000000000000000
0.607604263650531, 0.784944902099812, 0.000000000000000
0.592411937429811, 0.796340975381443, 0.000000000000000
0.577004335141701, 0.807447666962241, 0.000000000000000
0.561386990238313, 0.818260849126163, 0.000000000000000
0.545565517627608, 0.828776500826069, 0.000000000000000
0.529545611583952, 0.838990709378491, 0.000000000000000
0.513333043620159, 0.848899672116197, 0.000000000000000
0.496933660321931, 0.858499697997576, 0.000000000000000
0.480353381145615, 0.867787209171843, 0.000000000000000
0.463598196180246, 0.876758742499141, 0.000000000000000
0.446674163874850, 0.885410951024601, 0.000000000000000
0.429587408732037, 0.893740605405449, 0.000000000000000
0.412344118968911, 0.901744595290306, 0.000000000000000
0.394950544146369, 0.909419930649796, 0.000000000000000
0.377412992767900, 0.916763743057669, 0.000000000000000
0.359737829848973, 0.923773286921609, 0.000000000000000
0.341931474458188, 0.930445940662988, 0.000000000000000
0.324000397231335, 0.936779207844798, 0.000000000000000
0.305951117859568, 0.942770718247073, 0.000000000000000
0.287790202552889, 0.948418228889105, 0.000000000000000
0.269524261480189, 0.953719624997817, 0.000000000000000
0.251159946187092, 0.958672920921675, 0.000000000000000
0.232703946992867, 0.963276260989552, 0.000000000000000
0.214162990367707, 0.967527920314005, 0.000000000000000
0.195543836291679, 0.971426305538446, 0.000000000000000
0.176853275596652, 0.974969955527726, 0.000000000000000
0.158098127292563, 0.978157542001692, 0.000000000000000
0.139285235879347, 0.980987870111317, 0.000000000000000
0.120421468645906, 0.983459878957017, 0.000000000000000
0.101513712957480, 0.985572642048832, 0.000000000000000
0.082568873532819, 0.987325367708180, 0.000000000000000
0.063593869712523, 0.988717399410908, 0.000000000000000
0.044595632719968, 0.989748216071441, 0.000000000000000
0.025581102916221, 0.990417432267831, 0.000000000000000
0.006557227050337, 0.990724798407567, 0.000000000000000
-0.012469044493517, 0.990670200834050, 0.000000000000000
-0.031490760450728, 0.990253661873649, 0.000000000000000
-0.050500971431249, 0.989475339823328, 0.000000000000000
-0.069492732673553, 0.988335528878848, 0.000000000000000
-0.088459106796100, 0.986834659003592, 0.000000000000000
-0.107393166544917, 0.984973295738109, 0.000000000000000
-0.126287997535868, 0.982752139950500, 0.000000000000000
-0.145136700990205, 0.980172027527811, 0.000000000000000
-0.163932396462010, 0.977233929008647, 0.000000000000000
-0.182668224556129, 0.973938949157239, 0.000000000000000
-0.201337349635208, 0.970288326479248, 0.000000000000000
-0.219932962514461, 0.966283432679632, 0.000000000000000
-0.238448283142807, 0.961925772062917, 0.000000000000000
-0.256876563269020, 0.957216980876278, 0.000000000000000
-0.275211089091542, 0.952158826595848, 0.000000000000000
-0.293445183890659, 0.946753207156720, 0.000000000000000
-0.311572210641702, 0.941002150127156, 0.000000000000000
-0.329585574607995, 0.934907811827505, 0.000000000000000
-0.347478725912271, 0.928472476394435, 0.000000000000000
-0.365245162085293, 0.921698554791050, 0.000000000000000
-0.382878430590450, 0.914588583763542, 0.000000000000000
-0.400372131323094, 0.907145224745036, 0.000000000000000
-0.417719919083444, 0.899371262707331, 0.000000000000000
-0.434915506021863, 0.891269604961256, 0.000000000000000
-0.451952664055363, 0.882843279906404, 0.000000000000000
-0.468825227254213, 0.874095435731026, 0.000000000000000
-0.485527094197547, 0.865029339062900, 0.000000000000000
-0.502052230296888, 0.855648373572008, 0.000000000000000
-0.518394670086548, 0.845956038525905, 0.000000000000000
-0.534548519479875, 0.835955947298646, 0.000000000000000
-0.550507957990342, 0.825651825834205, 0.000000000000000
-0.566267240916531, 0.815047511065318, 0.000000000000000
-0.581820701490053, 0.804146949288711, 0.000000000000000
-0.597162752985509, 0.792954194497693, 0.000000000000000
-0.612287890791595, 0.781473406673115, 0.000000000000000
-0.627190694442528, 0.769708850033720, 0.000000000000000
-0.641865829608948, 0.757664891246921, 0.000000000000000
-0.656308050047527, 0.745345997601057, 0.000000000000000
-0.670512199508520, 0.732756735140203, 0.000000000000000
-0.684473213600539, 0.719901766762626, 0.000000000000000
-0.698186121611858, 0.706785850283974, 0.000000000000000
-0.711646048287584, 0.693413836466316, 0.000000000000000
-0.724848215562080, 0.679790667014163, 0.000000000000000
-0.737787944246031, 0.665921372538597, 0.000000000000000
-0.750460655667601, 0.651811070490652, 0.000000000000000
-0.762861873267151, 0.637464963065101, 0.000000000000000
-0.774987224145021, 0.622888335075811, 0.000000000000000
-0.786832440561916, 0.608086551803827, 0.000000000000000
-0.798393361391458, 0.593065056819355, 0.000000000000000
-0.809665933524520, 0.577829369778822, 0.000000000000000
-0.820646213224964, 0.562385084198192, 0.000000000000000
-0.831330367436459, 0.546737865203710, 0.000000000000000
-0.841714675040075, 0.530893447261267, 0.000000000000000
-0.851795528062387, 0.514857631885549, 0.000000000000000
-0.861569432833851, 0.498636285330174, 0.000000000000000
-0.871033011097247, 0.482235336259969, 0.000000000000000
-0.880183001066016, 0.465660773406583, 0.000000000000000
-0.889016258432344, 0.448918643208599, 0.000000000000000
-0.897529757324889, 0.432015047437306, 0.000000000000000
-0.905720591216059, 0.414956140809306, 0.000000000000000
-0.913585973778784, 0.397748128587102, 0.000000000000000
-0.921123239692779, 0.380397264168816, 0.000000000000000
-0.928329845400272, 0.362909846668177, 0.000000000000000
-0.935203369811253, 0.345292218485917, 0.000000000000000
-0.941741514958291, 0.327550762873685, 0.000000000000000
-0.947942106601016, 0.309691901491603, 0.000000000000000
-0.953803094780359, 0.291722091960558, 0.000000000000000
-0.959322554322715, 0.273647825410316, 0.000000000000000
-0.964498685294175, 0.255475624024550, 0.000000000000000
-0.969329813405018, 0.237212038583827, 0.000000000000000
-0.973814390364681, 0.218863646007624, 0.000000000000000
-0.977950994187436, 0.200437046896390, 0.000000000000000
-0.981738329449040, 0.181938863074701, 0.000000000000000
-0.985175227494627, 0.163375735136493, 0.000000000000000
-0.988260646598156, 0.144754319993380, 0.000000000000000
-0.990993672073729, 0.126081288427029, 0.000000000000000
-0.993373516339118, 0.107363322646552, 0.000000000000000
-0.995399518931875, 0.088607113851861, 0.000000000000000
-0.997071146478389, 0.069819359803910, 0.000000000000000
-0.998387992616296, 0.051006762402734, 0.000000000000000
-0.999349777870660, 0.032176025274186, 0.000000000000000
-0.999956349484337, 0.013333851366227, 0.000000000000000
-1.000207681202997, -0.005513059444354, 0.000000000000000
-1.000103873015237, -0.024358012733965, 0.000000000000000
-0.999645150848278, -0.043194321902158, 0.000000000000000
-0.998831866219725, -0.062015310528696, 0.000000000000000
-0.997664495845902, -0.080814314716959, 0.000000000000000
-0.996143641207261, -0.099584685422928, 0.000000000000000
-0.994270028071404, -0.118319790768999, 0.000000000000000
-0.992044505974244, -0.137013018341904, 0.000000000000000
-0.989468047659855, -0.155657777474029, 0.000000000000000
-0.986541748479565, -0.174247501507451, 0.000000000000000
-0.983266825750858, -0.192775650040018, 0.000000000000000
-0.979644618076650, -0.211235711152818, 0.000000000000000
-0.975676584625523, -0.229621203618424, 0.000000000000000
-0.971364304373508, -0.247925679089285, 0.000000000000000
-0.966709475307995, -0.266142724265678, 0.000000000000000
-0.961713913594380, -0.284265963042656, 0.000000000000000
-0.956379552706050, -0.302289058635413, 0.000000000000000
-0.950708442518300, -0.320205715682557, 0.000000000000000
-0.944702748366817, -0.338009682326745, 0.000000000000000
-0.938364750071315, -0.355694752272201, 0.000000000000000
-0.931696840924965, -0.373254766818621, 0.000000000000000
-0.924701526650219, -0.390683616870996, 0.000000000000000
-0.917381424321660, -0.407975244924920, 0.000000000000000
-0.909739261256494, -0.425123647026930, 0.000000000000000
-0.901777873873310, -0.442122874709484, 0.000000000000000
-0.893500206519724, -0.458967036900160, 0.000000000000000
-0.884909310269540, -0.475650301804709, 0.000000000000000
-0.876008341690039, -0.492166898763582, 0.000000000000000
-0.866800561580025, -0.508511120081593, 0.000000000000000
-0.857289333679239, -0.524677322830370, 0.000000000000000
-0.847478123349771, -0.540659930623281, 0.000000000000000
-0.837370496230070, -0.556453435362529, 0.000000000000000
-0.826970116862179, -0.572052398958121, 0.000000000000000
-0.816280747292798, -0.587451455018428, 0.000000000000000
-0.805306245648780, -0.602645310512089, 0.000000000000000
-0.794050564687670, -0.617628747400985, 0.000000000000000
-0.782517750323887, -0.632396624244059, 0.000000000000000
-0.770711940131135, -0.646943877771757, 0.000000000000000
-0.758637361821648, -0.661265524430864, 0.000000000000000
-0.746298331702849, -0.675356661899548, 0.000000000000000
-0.733699253112011, -0.689212470572402, 0.000000000000000
-0.720844614829492, -0.702828215015331, 0.000000000000000
-0.707738989471122, -0.716199245390083, 0.000000000000000
-0.694387031860309, -0.729320998848293, 0.000000000000000
-0.680793477380434, -0.742189000894869, 0.000000000000000
-0.666963140308073, -0.754798866720596, 0.000000000000000
-0.652900912127630, -0.767146302503818, 0.000000000000000
-0.638611759827893, -0.779227106681076, 0.000000000000000
-0.624100724181083, -0.791037171186597, 0.000000000000000
-0.609372918004917, -0.802572482660513, 0.000000000000000
-0.594433524408216, -0.813829123625727, 0.000000000000000
-0.579287795020589, -0.824803273633329, 0.000000000000000
-0.563941048206702, -0.835491210376471, 0.000000000000000
-0.548398667265659, -0.845889310772637, 0.000000000000000
-0.532666098615983, -0.855994052014225, 0.000000000000000
-0.516748849966718, -0.865802012587386, 0.000000000000000
-0.500652488475135, -0.875309873259046, 0.000000000000000
-0.484382638891536, -0.884514418032070, 0.000000000000000
-0.467944981691644, -0.893412535068517, 0.000000000000000
-0.451345251197053, -0.902001217580927, 0.000000000000000
-0.434589233684216, -0.910277564691617, 0.000000000000000
-0.417682765482438, -0.918238782259939, 0.000000000000000
-0.400631731061334, -0.925882183677470, 0.000000000000000
-0.383442061108221, -0.933205190631098, 0.000000000000000
-0.366119730595886, -0.940205333833994, 0.000000000000000
-0.348670756841184, -0.946880253724423, 0.000000000000000
-0.331101197554912, -0.953227701132398, 0.000000000000000
-0.313417148883391, -0.959245537914134, 0.000000000000000
-0.295624743442202, -0.964931737554305, 0.000000000000000
-0.277730148342500, -0.970284385736084, 0.000000000000000
-0.259739563210335, -0.975301680878947, 0.000000000000000
-0.241659218199403, -0.979981934644236, 0.000000000000000
-0.223495371997648, -0.984323572408475, 0.000000000000000
-0.205254309828129, -0.988325133704420, 0.000000000000000
-0.186942341444573, -0.991985272629847, 0.000000000000000
-0.168565799122008, -0.995302758224064, 0.000000000000000
-0.150131035642909, -0.998276474812143, 0.000000000000000
-0.131644422279233, -1.000905422316869, 0.000000000000000
-0.113112346770766, -1.003188716538403, 0.000000000000000
-0.094541211300182, -1.005125589401646, 0.000000000000000
-0.075937430465197, -1.006715389171306, 0.000000000000000
-0.057307429248235, -1.007957580634674, 0.000000000000000
-0.038657640983987, -1.008851745252085, 0.000000000000000
-0.019994505325267, -1.009397581275074, 0.000000000000000
-0.001324466207556, -1.009594903832221, 0.000000000000000
0.017346030187378, -1.009443644982686, 0.000000000000000
0.036010537468379, -1.008943853737412, 0.000000000000000
0.054662611071943, -1.008095696048022, 0.000000000000000
0.073295810298993, -1.006899454763377, 0.000000000000000
0.091903700351004, -1.005355529553809, 0.000000000000000
0.110479854365081, -1.003464436803019, 0.000000000000000
0.129017855447595, -1.001226809467641, 0.000000000000000
0.147511298705988, -0.998643396904451, 0.000000000000000
0.165953793278330, -0.995715064665248, 0.000000000000000
0.184338964360261, -0.992442794259373, 0.000000000000000
0.202660455228888, -0.988827682883878, 0.000000000000000
0.220911929263249, -0.984870943121338, 0.000000000000000
0.239087071960937, -0.980573902605311, 0.000000000000000
0.257179592950480, -0.975938003653423, 0.000000000000000
0.275183227999053, -0.970964802868106, 0.000000000000000
0.293091741015131, -0.965655970704963, 0.000000000000000
0.310898926045642, -0.960013291008773, 0.000000000000000
0.328598609267230, -0.954038660517131, 0.000000000000000
0.346184650971168, -0.947734088331739, 0.000000000000000
0.363650947541528, -0.941101695357331, 0.000000000000000
0.380991433426162, -0.934143713708257, 0.000000000000000
0.398200083100053, -0.926862486082719, 0.000000000000000
0.415270913020606, -0.919260465104687, 0.000000000000000
0.432197983574441, -0.911340212633483, 0.000000000000000
0.448975401015216, -0.903104399041072, 0.000000000000000
0.465597319392054, -0.894555802457055, 0.000000000000000
0.482057942468100, -0.885697307981410, 0.000000000000000
0.498351525628740, -0.876531906864975, 0.000000000000000
0.514472377779036, -0.867062695657731, 0.000000000000000
0.530414863229870, -0.857292875324888, 0.000000000000000
0.546173403572353, -0.847225750330833, 0.000000000000000
0.561742479539982, -0.836864727690967, 0.000000000000000
0.577116632858076, -0.826213315991477, 0.000000000000000
0.592290468079991, -0.815275124377094, 0.000000000000000
0.607258654409595, -0.804053861506898, 0.000000000000000
0.622015927509526, -0.792553334478218, 0.000000000000000
0.636557091294687, -0.780777447718711, 0.000000000000000
0.650877019710482, -0.768730201846671, 0.000000000000000
0.664970658495255, -0.756415692499679, 0.000000000000000
0.678833026926409, -0.743838109131646, 0.000000000000000
0.692459219549656, -0.731001733778372, 0.000000000000000
0.705844407890874, -0.717910939791710, 0.000000000000000
0.718983842149998, -0.704570190542449, 0.000000000000000
0.731872852876416, -0.690984038092032, 0.000000000000000
0.744506852625292, -0.677157121833246, 0.000000000000000
0.756881337594258, -0.663094167100012, 0.000000000000000
0.768991889239900, -0.648799983746425, 0.000000000000000
0.780834175873475, -0.634279464695203, 0.000000000000000
0.792403954235252, -0.619537584455716, 0.000000000000000
0.803697071046923, -0.604579397611764, 0.000000000000000
0.814709464541466, -0.589410037279305, 0.000000000000000
0.825437165969878, -0.574034713534318, 0.000000000000000
0.835876301084180, -0.558458711811044, 0.000000000000000
0.846023091596077, -0.542687391270789, 0.000000000000000
0.855873856610682, -0.526726183141568, 0.000000000000000
0.865425014034675, -0.510580589028813, 0.000000000000000
0.874673081958299, -0.494256179197428, 0.000000000000000
0.883614680010561, -0.477758590825451, 0.000000000000000
0.892246530687026, -0.461093526229638, 0.000000000000000
0.900565460649573, -0.444266751063260, 0.000000000000000
0.908568401997496, -0.427284092486438, 0.000000000000000
0.916252393509316, -0.410151437309360, 0.000000000000000
0.923614581854680, -0.392874730108723, 0.000000000000000
0.930652222775715, -0.375459971317780, 0.000000000000000
0.937362682237205, -0.357913215290370, 0.000000000000000
0.943743437544966, -0.340240568339323, 0.000000000000000
0.949792078431790, -0.322448186749684, 0.000000000000000
0.955506308110314, -0.304542274767167, 0.000000000000000
0.960883944292212, -0.286529082562292, 0.000000000000000
0.965922920173060, -0.268414904170698, 0.000000000000000
0.970621285382268, -0.250206075410093, 0.000000000000000
0.974977206897441, -0.231908971774358, 0.000000000000000
0.978988969922570, -0.213530006305329, 0.000000000000000
0.982654978729431, -0.195075627442803, 0.000000000000000
0.985973757461572, -0.176552316853311, 0.000000000000000
0.988943950900314, -0.157966587238267, 0.000000000000000
0.991564325192130, -0.139324980122055, 0.000000000000000
0.993833768536841, -0.120634063620705, 0.000000000000000
0.995751291836033, -0.101900430191773, 0.000000000000000
0.997316029301112, -0.083130694366082, 0.000000000000000
0.998527239020435, -0.064331490462012, 0.000000000000000
0.999384303484962, -0.045509470283014, 0.000000000000000
0.999886730071862, -0.026671300799076, 0.000000000000000
1.000034151485556, -0.007823661812862, 0.000000000000000
0.999826326155638, 0.011026756388715, 0.000000000000000
0.999263138591191, 0.029873255396726, 0.000000000000000
0.998344599690965, 0.048709131055465, 0.000000000000000
0.997070847008934, 0.067527675849898, 0.000000000000000
0.995442144974759, 0.086322181304485, 0.000000000000000
0.993458885068685, 0.105085940392531, 0.000000000000000
0.991121585950430, 0.123812249955211, 0.000000000000000
0.988430893541625, 0.142494413129373, 0.000000000000000
0.985387581061394, 0.161125741783232, 0.000000000000000
0.981992549014681, 0.179699558959030, 0.000000000000000
0.978246825132922, 0.198209201321726, 0.000000000000000
0.974151564266730, 0.216648021612775, 0.000000000000000
0.969708048230224, 0.235009391108007, 0.000000000000000
0.964917685596690, 0.253286702078648, 0.000000000000000
0.959782011445279, 0.271473370254456, 0.000000000000000
0.954302687058448, 0.289562837287973, 0.000000000000000
0.948481499569894, 0.307548573218858, 0.000000000000000
0.942320361562753, 0.325424078937252, 0.000000000000000
0.935821310617831, 0.343182888645118, 0.000000000000000
0.928986508811705, 0.360818572314486, 0.000000000000000
0.921818242164518, 0.378324738141514, 0.000000000000000
0.914318920037332, 0.395695034995270, 0.000000000000000
0.906491074478926, 0.412923154860123, 0.000000000000000
0.898337359521972, 0.430002835270628, 0.000000000000000
0.889860550428504, 0.446927861737775, 0.000000000000000
0.881063542884678, 0.463692070165460, 0.000000000000000
0.871949352144804, 0.480289349256027, 0.000000000000000
0.862521112124687, 0.496713642903741, 0.000000000000000
0.852782074444337, 0.512958952575013, 0.000000000000000
0.842735607420123, 0.529019339674213, 0.000000000000000
0.832385195006502, 0.544888927893910, 0.000000000000000
0.821734435687467, 0.560561905548342, 0.000000000000000
0.810787041317884, 0.576032527888945, 0.000000000000000
0.799546835914947, 0.591295119400759, 0.000000000000000
0.788017754399974, 0.606344076078521, 0.000000000000000
0.776203841290827, 0.621173867681259, 0.000000000000000
0.764109249345269, 0.635779039964200, 0.000000000000000
0.751738238155581, 0.650154216886810, 0.000000000000000
0.739095172694823, 0.664294102795790, 0.000000000000000
0.726184521815136, 0.678193484581829, 0.000000000000000
0.713010856698527, 0.691847233808963, 0.000000000000000
0.699578849260604, 0.705250308815353, 0.000000000000000
0.685893270507757, 0.718397756784335, 0.000000000000000
0.671958988848342, 0.731284715784568, 0.000000000000000
0.657780968358404, 0.743906416778150, 0.000000000000000
0.643364267002576, 0.756258185595559, 0.000000000000000
0.628714034810758, 0.768335444876290, 0.000000000000000
0.613835512011264, 0.780133715974080, 0.000000000000000
0.598734027121122, 0.791648620825618, 0.000000000000000
0.583414994994269, 0.802875883781640, 0.000000000000000
0.567883914828401, 0.813811333399369, 0.000000000000000
0.552146368131261, 0.824450904195203, 0.000000000000000
0.536208016647218, 0.834790638356644, 0.000000000000000
0.520074600244963, 0.844826687412438, 0.000000000000000
0.503751934767232, 0.854555313859919, 0.000000000000000
0.487245909843461, 0.863972892748579, 0.000000000000000
0.470562486666325, 0.873075913218919, 0.000000000000000
0.453707695733137, 0.881860979995620, 0.000000000000000
0.436687634553099, 0.890324814834141, 0.000000000000000
0.419508465321455, 0.898464257919848, 0.000000000000000
0.402176412561592, 0.906276269218807, 0.000000000000000
0.384697760736168, 0.913757929779414, 0.000000000000000
0.367078851828392, 0.920906442984039, 0.000000000000000
0.349326082894577, 0.927719135749917, 0.000000000000000
0.331445903589132, 0.934193459678525, 0.000000000000000
0.313444813663164, 0.940326992152717, 0.000000000000000
0.295329360437907, 0.946117437380942, 0.000000000000000
0.277106136254192, 0.951562627387866, 0.000000000000000
0.258781775899199, 0.956660522950785, 0.000000000000000
0.240362954011771, 0.961409214481219, 0.000000000000000
0.221856382467549, 0.965806922851136, 0.000000000000000
0.203268807745251, 0.969852000163279, 0.000000000000000
0.184607008275385, 0.973542930465087, 0.000000000000000
0.165877791772747, 0.976878330405778, 0.000000000000000
0.147087992554036, 0.979856949836150, 0.000000000000000
0.128244468841945, 0.982477672350723, 0.000000000000000
0.109354100057101, 0.984739515771878, 0.000000000000000
0.090423784099220, 0.986641632575677, 0.000000000000000
0.071460434618882, 0.988183310259085, 0.000000000000000
0.052470978281305, 0.989363971648372, 0.000000000000000
0.033462352023539, 0.990183175148485, 0.000000000000000
0.014441500306465, 0.990640614933239, 0.000000000000000
-0.004584627636965, 0.990736121076195, 0.000000000000000
-0.023609080555843, 0.990469659622162, 0.000000000000000
-0.042624907936361, 0.989841332599264, 0.000000000000000
-0.061625162756379, 0.988851377971569, 0.000000000000000
-0.080602904238087, 0.987500169532324, 0.000000000000000
-0.099551200597364, 0.985788216737865, 0.000000000000000
-0.118463131788390, 0.983716164482309, 0.000000000000000
-0.137331792242131, 0.981284792813188, 0.000000000000000
-0.156150293597275, 0.978495016588203, 0.000000000000000
-0.174911767422225, 0.975347885073344, 0.000000000000000
-0.193609367926775, 0.971844581482615, 0.000000000000000
-0.212236274662068, 0.967986422459694, 0.000000000000000
-0.230785695207478, 0.963774857501849, 0.000000000000000
-0.249250867843060, 0.959211468326494, 0.000000000000000
-0.267625064206218, 0.954297968180804, 0.000000000000000
-0.285901591931258, 0.949036201094826, 0.000000000000000
-0.304073797270519, 0.943428141078582, 0.000000000000000
-0.322135067695766, 0.937475891263675, 0.000000000000000
-0.340078834478575, 0.931181682989961, 0.000000000000000
-0.357898575248439, 0.924547874837870, 0.000000000000000
-0.375587816527346, 0.917576951606985, 0.000000000000000
-0.393140136239607, 0.910271523241557, 0.000000000000000
-0.410549166195724, 0.902634323703618, 0.000000000000000
-0.427808594549120, 0.894668209794410, 0.000000000000000
-0.444912168224562, 0.886376159924888, 0.000000000000000
-0.461853695317147, 0.877761272836054, 0.000000000000000
-0.478627047460737, 0.868826766269934, 0.000000000000000
-0.495226162164753, 0.859575975592021, 0.000000000000000
-0.511645045118263, 0.850012352366049, 0.000000000000000
-0.527877772460344, 0.840139462881966, 0.000000000000000
-0.543918493015692, 0.829960986638019, 0.000000000000000
-0.559761430494509, 0.819480714777882, 0.000000000000000
-0.575400885655729, 0.808702548483773, 0.000000000000000
-0.590831238432630, 0.797630497326535, 0.000000000000000
-0.606046950019978, 0.786268677573677, 0.000000000000000
-0.621042564921811, 0.774621310456380, 0.000000000000000
-0.635812712959051, 0.762692720396514, 0.000000000000000
-0.650352111236136, 0.750487333194696, 0.000000000000000
-0.664655566065904, 0.738009674180471, 0.000000000000000
-0.678717974851995, 0.725264366325683, 0.000000000000000
-0.692534327928067, 0.712256128322141, 0.000000000000000
-0.706099710353148, 0.698989772624676, 0.000000000000000
-0.719409303662492, 0.685470203460721, 0.000000000000000
-0.732458387573327, 0.671702414807532, 0.000000000000000
-0.745242341644918, 0.657691488338198, 0.000000000000000
-0.757756646892411, 0.643442591337588, 0.000000000000000
-0.769996887353942, 0.628960974589381, 0.000000000000000
-0.781958751610540, 0.614251970235364, 0.000000000000000
-0.793638034258370, 0.599320989608139, 0.000000000000000
-0.805030637332930, 0.584173521038436, 0.000000000000000
-0.816132571684789, 0.568815127638189, 0.000000000000000
-0.826939958306550, 0.553251445060574, 0.000000000000000
-0.837449029610715, 0.537488179238167, 0.000000000000000
-0.847656130658162, 0.521531104100422, 0.000000000000000
-0.857557720337001, 0.505386059271637, 0.000000000000000
-0.867150372491573, 0.489058947750595, 0.000000000000000
-0.876430777001428, 0.472555733573050, 0.000000000000000
-0.885395740810097, 0.455882439458230, 0.000000000000000
-0.894042188903566, 0.439045144440538, 0.000000000000000
-0.902367165238324, 0.422049981487599, 0.000000000000000
-0.910367833618949, 0.404903135105818, 0.000000000000000
-0.918041478525172, 0.387610838934602, 0.000000000000000
-0.925385505888428, 0.370179373330387, 0.000000000000000
-0.932397443817905, 0.352615062941599, 0.000000000000000
-0.939074943276143, 0.334924274275691, 0.000000000000000
-0.945415778704263, 0.317113413259349, 0.000000000000000
-0.951417848596912, 0.299188922792994, 0.000000000000000
-0.957079176027080, 0.281157280300660, 0.000000000000000
-0.962397909120913, 0.263024995276334, 0.000000000000000
-0.967372321482718, 0.244798606827833, 0.000000000000000
-0.972000812570365, 0.226484681219268, 0.000000000000000
-0.976281908021292, 0.208089809413132, 0.000000000000000
-0.980214259929388, 0.189620604613065, 0.000000000000000
-0.983796647073009, 0.171083699808275, 0.000000000000000
-0.987027975094419, 0.152485745320644, 0.000000000000000
-0.989907276630981, 0.133833406355486, 0.000000000000000
-0.992433711398420, 0.115133360556929, 0.000000000000000
-0.994606566226517, 0.096392295568867, 0.000000000000000
-0.996425255047608, 0.077616906602426, 0.000000000000000
-0.997889318838268, 0.058813894010847, 0.000000000000000
-0.998998425514601, 0.039989960872695, 0.000000000000000
-0.999752369781548, 0.021151810584274, 0.000000000000000
-1.000151072936661, 0.002306144462106, 0.000000000000000
-1.000194582628789, -0.016540340643674, 0.000000000000000
-0.999883072572159, -0.035380954724186, 0.000000000000000
-0.999216842216318, -0.054209016974120, 0.000000000000000
-0.998196316372449, -0.073017858140722, 0.000000000000000
-0.996822044796555, -0.091800822858661, 0.000000000000000
-0.995094701730040, -0.110551271970047, 0.000000000000000
-0.993015085398220, -0.129262584828845, 0.000000000000000
-0.990584117467295, -0.147928161588992, 0.000000000000000
-0.987802842460343, -0.166541425475502, 0.000000000000000
-0.984672427132893, -0.185095825037908, 0.000000000000000
-0.981194159808642, -0.203584836385353, 0.000000000000000
-0.977369449675894, -0.222001965402718, 0.000000000000000
-0.973199826045312, -0.240340749947161, 0.000000000000000
-0.968686937569556, -0.258594762024455, 0.000000000000000
-0.963832551425413, -0.276757609944565, 0.000000000000000
-0.958638552459024, -0.294822940455873, 0.000000000000000
-0.953106942294795, -0.312784440857539, 0.000000000000000
-0.947239838408624, -0.330635841089441, 0.000000000000000
-0.941039473166036, -0.348370915799204, 0.000000000000000
-0.934508192825850, -0.365983486385825, 0.000000000000000
-0.927648456510003, -0.383467423019409, 0.000000000000000
-0.920462835140138, -0.400816646636581, 0.000000000000000
-0.912954010341576, -0.418025130911110, 0.000000000000000
-0.905124773315312, -0.435086904199352, 0.000000000000000
-0.896978023678639, -0.451996051460075, 0.000000000000000
-0.888516768275026, -0.468746716148305, 0.000000000000000
-0.879744119953880, -0.485333102082805, 0.000000000000000
-0.870663296320803, -0.501749475286834, 0.000000000000000
-0.861277618458972, -0.517990165801839, 0.000000000000000
-0.851590509622252, -0.534049569473762, 0.000000000000000
-0.841605493900667, -0.549922149711645, 0.000000000000000
-0.831326194858838, -0.565602439218235, 0.000000000000000
-0.820756334147993, -0.581085041692304, 0.000000000000000
-0.809899730092173, -0.596364633502416, 0.000000000000000
-0.798760296249226, -0.611435965331891, 0.000000000000000
-0.787342039947189, -0.626293863794703, 0.000000000000000
-0.775649060796672, -0.640933233022106, 0.000000000000000
-0.763685549179812, -0.655349056219749, 0.000000000000000
-0.751455784716416, -0.669536397195078, 0.000000000000000
-0.738964134707847, -0.683490401854843, 0.000000000000000
-0.726215052559262, -0.697206299672500, 0.000000000000000
-0.713213076180752, -0.710679405125361, 0.000000000000000
-0.699962826367977, -0.723905119101304, 0.000000000000000
-0.686469005162841, -0.736878930274916, 0.000000000000000
-0.672736394194782, -0.749596416452896, 0.000000000000000
-0.658769853003223, -0.762053245888609, 0.000000000000000
-0.644574317341734, -0.774245178565649, 0.000000000000000
-0.630154797464459, -0.786168067450299, 0.000000000000000
-0.615516376395321, -0.797817859712786, 0.000000000000000
-0.600664208180573, -0.809190597917211, 0.000000000000000
-0.585603516125184, -0.820282421180081, 0.000000000000000
-0.570339591013610, -0.831089566297343, 0.000000000000000
-0.554877789315450, -0.841608368839843, 0.000000000000000
-0.539223531376499, -0.851835264217139, 0.000000000000000
-0.523382299595707, -0.861766788709594, 0.000000000000000
-0.507359636588532, -0.871399580468690, 0.000000000000000
-0.491161143337193, -0.880730380485514, 0.000000000000000
-0.474792477328292, -0.889756033527344, 0.000000000000000
-0.458259350678308, -0.898473489042314, 0.000000000000000
-0.441567528247418, -0.906879802032087, 0.000000000000000
-0.424722825742134, -0.914972133892529, 0.000000000000000
-0.407731107807204, -0.922747753222316, 0.000000000000000
-0.390598286107253, -0.930204036599468, 0.000000000000000
-0.373330317398607, -0.937338469325774, 0.000000000000000
-0.355933201591765, -0.944148646139079, 0.000000000000000
-0.338412979804943, -0.950632271893411, 0.000000000000000
-0.320775732409157, -0.956787162206940, 0.000000000000000
-0.303027577065262, -0.962611244077737, 0.000000000000000
-0.285174666753390, -0.968102556467325, 0.000000000000000
-0.267223187795211, -0.973259250852009, 0.000000000000000
-0.249179357869445, -0.978079591741966, 0.000000000000000
-0.231049424021049, -0.982561957168104, 0.000000000000000
-0.212839660664482, -0.986704839136648, 0.000000000000000
-0.194556367581485, -0.990506844051482, 0.000000000000000
-0.176205867913771, -0.993966693104213, 0.000000000000000
-0.157794506151035, -0.997083222631963, 0.000000000000000
-0.139328646114703, -0.999855384442880, 0.000000000000000
-0.120814668937800, -1.002282246109362, 0.000000000000000
-0.102258971041370, -1.004362991228999, 0.000000000000000
-0.083667962107813, -1.006096919653210, 0.000000000000000
-0.065048063051567, -1.007483447683590, 0.000000000000000
-0.046405703987512, -1.008522108235952, 0.000000000000000
-0.027747322197497, -1.009212550972062, 0.000000000000000
-0.009079360095393, -1.009554542399071, 0.000000000000000
0.009591736808957, -1.009547965936622, 0.000000000000000
0.028259521946468, -1.009192821951652, 0.000000000000000
0.046917549725856, -1.008489227760866, 0.000000000000000
0.065559377570587, -1.007437417600888, 0.000000000000000
0.084178567955348, -1.006037742566079, 0.000000000000000
0.102768690441632, -1.004290670514032, 0.000000000000000
0.121323323712059, -1.002196785938715, 0.000000000000000
0.139836057603031, -0.999756789811285, 0.000000000000000
0.158300495135322, -0.996971499388548, 0.000000000000000
0.176710254542206, -0.993841847989075, 0.000000000000000
0.195058971294729, -0.990368884736960, 0.000000000000000
0.213340300123710, -0.986553774273222, 0.000000000000000
0.231547917038088, -0.982397796434851, 0.000000000000000
0.249675521339186, -0.977902345901485, 0.000000000000000
0.267716837630496, -0.973068931809724, 0.000000000000000
0.285665617822574, -0.967899177335083, 0.000000000000000
0.303515643132623, -0.962394819241573, 0.000000000000000
0.321260726078348, -0.956557707398917, 0.000000000000000
0.338894712465667, -0.950389804267408, 0.000000000000000
0.356411483369844, -0.943893184350396, 0.000000000000000
0.373804957109622, -0.937070033614433, 0.000000000000000
0.391069091213914, -0.929922648877058, 0.000000000000000
0.408197884380621, -0.922453437162248, 0.000000000000000
0.425185378427142, -0.914664915023542, 0.000000000000000
0.442025660232101, -0.906559707834845, 0.000000000000000
0.458712863667881, -0.898140549048931, 0.000000000000000
0.475241171523469, -0.889410279423678, 0.000000000000000
0.491604817417175, -0.880371846216030, 0.000000000000000
0.507798087698754, -0.871028302343735, 0.000000000000000
0.523815323340447, -0.861382805514884, 0.000000000000000
0.539650921816481, -0.851438617325270, 0.000000000000000
0.555299338970533, -0.841199102323628, 0.000000000000000
0.570755090870673, -0.830667727044782, 0.000000000000000
0.586012755651294, -0.819848059010745, 0.000000000000000
0.601066975341526, -0.808743765699844, 0.000000000000000
0.615912457679628, -0.797358613483903, 0.000000000000000
0.630543977912853, -0.785696466533572, 0.000000000000000
0.644956380582255, -0.773761285691847, 0.000000000000000
0.659144581291936, -0.761557127315892, 0.000000000000000
0.673103568462180, -0.749088142087210, 0.000000000000000
0.686828405065955, -0.736358573790281, 0.000000000000000
0.700314230348242, -0.723372758059761, 0.000000000000000
0.713556261527635, -0.710135121096334, 0.000000000000000
0.726549795479667, -0.696650178351361, 0.000000000000000
0.739290210401303, -0.682922533180415, 0.000000000000000
0.751772967456040, -0.668956875465873, 0.000000000000000
0.763993612399032, -0.654757980208679, 0.000000000000000
0.775947777181688, -0.640330706089442, 0.000000000000000
0.787631181535140, -0.625679993999038, 0.000000000000000
0.799039634532014, -0.610810865538878, 0.000000000000000
0.810169036125910, -0.595728421491040, 0.000000000000000
0.821015378667986, -0.580437840258445, 0.000000000000000
0.831574748400073, -0.564944376275308, 0.000000000000000
0.841843326923687, -0.549253358388061, 0.000000000000000
0.851817392644359, -0.533370188206993, 0.000000000000000
0.861493322190652, -0.517300338428861, 0.000000000000000
0.870867591807268, -0.501049351130709, 0.000000000000000
0.879936778721612, -0.484622836035189, 0.000000000000000
0.888697562483204, -0.468026468747663, 0.000000000000000
0.897146726275318, -0.451265988965382, 0.000000000000000
0.905281158198205, -0.434347198659068, 0.000000000000000
0.913097852523302, -0.417275960227224, 0.000000000000000
0.920593910917770, -0.400058194623518, 0.000000000000000
0.927766543638756, -0.382699879457611, 0.000000000000000
0.934613070696726, -0.365207047069790, 0.000000000000000
0.941130922987259, -0.347585782579827, 0.000000000000000
0.947317643390659, -0.329842221910447, 0.000000000000000
0.953170887838765, -0.311982549785850, 0.000000000000000
0.958688426348313, -0.294012997705736, 0.000000000000000
0.963868144020247, -0.275939841895273, 0.000000000000000
0.968708042004338, -0.257769401231518, 0.000000000000000
0.973206238428491, -0.239508035146768, 0.000000000000000
0.977360969292126, -0.221162141509358, 0.000000000000000
0.981170589323011, -0.202738154482461, 0.000000000000000
0.984633572796946, -0.184242542361414, 0.000000000000000
0.987748514319680, -0.165681805390164, 0.000000000000000
0.990514129570466, -0.147062473557416, 0.000000000000000
0.992929256006666, -0.128391104373092, 0.000000000000000
0.994992853528801, -0.109674280625731, 0.000000000000000
0.996704005105487, -0.090918608121474, 0.000000000000000
0.998061917357664, -0.072130713405311, 0.000000000000000
0.999065921101572, -0.053317241465261, 0.000000000000000
0.999715471849903, -0.034484853420202, 0.000000000000000
1.000010150270598, -0.015640224192071, 0.000000000000000
0.999949662602750, 0.003209959836827, 0.000000000000000
0.999533841029082, 0.022059003180628, 0.000000000000000
0.998762644004507, 0.040900203620066, 0.000000000000000
0.997636156540257, 0.059726854585164, 0.000000000000000
0.996154590443102, 0.078532247549659, 0.000000000000000
0.994318284509193, 0.097309674436301, 0.000000000000000
0.992127704672063, 0.116052430032184, 0.000000000000000
0.989583444104362, 0.134753814413233, 0.000000000000000
0.986686223272886, 0.153407135376941, 0.000000000000000
0.983436889946502, 0.172005710882472, 0.000000000000000
0.979836419156589, 0.190542871497167, 0.000000000000000
0.975885913109603, 0.209011962848542, 0.000000000000000
0.971586601051438, 0.227406348080790, 0.000000000000000
0.966939839083237, 0.245719410314825, 0.000000000000000
0.961947109928350, 0.263944555110862, 0.000000000000000
0.956610022650150, 0.282075212932533, 0.000000000000000
0.950930312320430, 0.300104841611506, 0.000000000000000
0.944909839638151, 0.318026928811575, 0.000000000000000
0.938550590498315, 0.335834994491153, 0.000000000000000
0.931854675510757, 0.353522593363122, 0.000000000000000
0.924824329468695, 0.371083317350941, 0.000000000000000
0.917461910766886, 0.388510798039922, 0.000000000000000
0.909769900769265, 0.405798709122590, 0.000000000000000
0.901750903125980, 0.422940768836972, 0.000000000000000
0.893407643039738, 0.439930742396735, 0.000000000000000
0.884742966481445, 0.456762444412002, 0.000000000000000
0.875759839355108, 0.473429741299716, 0.000000000000000
0.866461346612024, 0.489926553682406, 0.000000000000000
0.856850691314304, 0.506246858774183, 0.000000000000000
0.846931193647799, 0.522384692752803, 0.000000000000000
0.836706289884541, 0.538334153116633, 0.000000000000000
0.826179531294833, 0.554089401025334, 0.000000000000000
0.815354583009147, 0.569644663623090, 0.000000000000000
0.804235222830041, 0.584994236343184, 0.000000000000000
0.792825339994314, 0.600132485192760, 0.000000000000000
0.781128933885662, 0.615053849016559, 0.000000000000000
0.769150112698127, 0.629752841738466, 0.000000000000000
0.756893092050678, 0.644224054579657, 0.000000000000000
0.744362193553255, 0.658462158252193, 0.000000000000000
0.731561843324694, 0.672461905126850, 0.000000000000000
0.718496570462941, 0.686218131374032, 0.000000000000000
0.705171005468014, 0.699725759076580, 0.000000000000000
0.691589878618207, 0.712979798313320, 0.000000000000000
0.677758018300051, 0.725975349212190, 0.000000000000000
0.663680349292599, 0.738707603971789, 0.000000000000000
0.649361891006605, 0.751171848850219, 0.000000000000000
0.634807755679237, 0.763363466120080, 0.000000000000000
0.620023146524967, 0.775277935988498, 0.000000000000000
0.605013355843327, 0.786910838481091, 0.000000000000000
0.589783763084245, 0.798257855288764, 0.000000000000000
0.574339832871725, 0.809314771576267, 0.000000000000000
0.558687112986632, 0.820077477751448, 0.000000000000000
0.542831232309418, 0.830541971194155, 0.000000000000000
0.526777898723613, 0.840704357943759, 0.000000000000000
0.510532896980972, 0.850560854344292, 0.000000000000000
0.494102086529178, 0.860107788646210, 0.000000000000000
0.477491399303026, 0.869341602563810, 0.000000000000000
0.460706837480069, 0.878258852787359, 0.000000000000000
0.443754471201704, 0.886856212449007, 0.000000000000000
0.426640436260730, 0.895130472541596, 0.000000000000000
0.409370931756407, 0.903078543289474, 0.000000000000000
0.391952217718112, 0.910697455470490, 0.000000000000000
0.374390612698678, 0.917984361688318, 0.000000000000000
0.356692491338538, 0.924936537594354, 0.000000000000000
0.338864281901832, 0.931551383058385, 0.000000000000000
0.320912463785641, 0.937826423287321, 0.000000000000000
0.302843565003551, 0.943759309891277, 0.000000000000000
0.284664159644748, 0.949347821896328, 0.000000000000000
0.266380865309896, 0.954589866703296, 0.000000000000000
0.248000340525045, 0.959483480991972, 0.000000000000000
0.229529282134843, 0.964026831570179, 0.000000000000000
0.210974422676350, 0.968218216167145, 0.000000000000000
0.192342527734758, 0.972056064170683, 0.000000000000000
0.173640393282341, 0.975538937307689, 0.000000000000000
0.154874843001972, 0.978665530267548, 0.000000000000000
0.136052725596567, 0.981434671268017, 0.000000000000000
0.117180912085807, 0.983845322563247, 0.000000000000000
0.098266293091522, 0.985896580893607, 0.000000000000000
0.079315776113118, 0.987587677877019, 0.000000000000000
0.060336282794440, 0.988917980341557, 0.000000000000000
0.041334746183468, 0.989886990599098, 0.000000000000000
0.022318107986260, 0.990494346659844, 0.000000000000000
0.003293315816544, 0.990739822387586, 0.000000000000000
-0.015732679557619, 0.990623327595610, 0.000000000000000
-0.034752926968686, 0.990144908083179, 0.000000000000000
-0.053760477604583, 0.989304745612592, 0.000000000000000
-0.072748387762329, 0.988103157826803, 0.000000000000000
-0.091709721598924, 0.986540598107705, 0.000000000000000
-0.110637553878084, 0.984617655375125, 0.000000000000000
-0.129524972711404, 0.982335053826712, 0.000000000000000
-0.148365082292560, 0.979693652618853, 0.000000000000000
-0.167151005623135, 0.976694445488858, 0.000000000000000
-0.185875887228686, 0.973338560318646, 0.000000000000000
-0.204532895863660, 0.969627258640229, 0.000000000000000
-0.223115227203800, 0.965561935083312, 0.000000000000000
-0.241616106524659, 0.961144116765382, 0.000000000000000
-0.260028791364887, 0.956375462624670, 0.000000000000000
-0.278346574172950, 0.951257762696438, 0.000000000000000
-0.296562784935950, 0.945792937333042, 0.000000000000000
-0.314670793789251, 0.939983036368299, 0.000000000000000
-0.332664013605613, 0.933830238226675, 0.000000000000000
-0.350535902562562, 0.927336848977886, 0.000000000000000
-0.368279966686740, 0.920505301337509, 0.000000000000000
-0.385889762374007, 0.913338153614247, 0.000000000000000
-0.403358898884070, 0.905838088604516, 0.000000000000000
-0.420681040808459, 0.898007912435060, 0.000000000000000
-0.437849910510668, 0.889850553354321, 0.000000000000000
-0.454859290537323, 0.881369060473336, 0.000000000000000
-0.471703025999245, 0.872566602456941, 0.000000000000000
-0.488375026921323, 0.863446466166101, 0.000000000000000
-0.504869270560115, 0.854012055252219, 0.000000000000000
-0.521179803688131, 0.844266888704287, 0.000000000000000
-0.537300744843787, 0.834214599349780, 0.000000000000000
-0.553226286546033, 0.823858932310204, 0.000000000000000
-0.568950697472696, 0.813203743412250, 0.000000000000000
-0.584468324601604, 0.802252997555514, 0.000000000000000
-0.599773595313583, 0.791010767037769, 0.000000000000000
-0.614861019456465, 0.779481229838789, 0.000000000000000
-0.629725191369244, 0.767668667863758, 0.000000000000000
-0.644360791865595, 0.755577465147300, 0.000000000000000
-0.658762590175946, 0.743212106019189, 0.000000000000000
-0.672925445847374, 0.730577173232811, 0.000000000000000
-0.686844310600601, 0.717677346057473, 0.000000000000000
-0.700514230143399, 0.704517398335655, 0.000000000000000
-0.713930345939765, 0.691102196506319, 0.000000000000000
-0.727087896934225, 0.677436697595406, 0.000000000000000
-0.739982221230706, 0.663525947174654, 0.000000000000000
-0.752608757725389, 0.649375077289879, 0.000000000000000
-0.764963047693052, 0.634989304359880, 0.000000000000000
-0.777040736326391, 0.620373927047117, 0.000000000000000
-0.788837574227877, 0.605534324101344, 0.000000000000000
-0.800349418853709, 0.590475952177345, 0.000000000000000
-0.811572235909494, 0.575204343627981, 0.000000000000000
-0.822502100697277, 0.559725104273686, 0.000000000000000
-0.833135199413597, 0.544043911149628, 0.000000000000000
-0.843467830398288, 0.528166510231692, 0.000000000000000
-0.853496405333745, 0.512098714142479, 0.000000000000000
-0.863217450394440, 0.495846399838485, 0.000000000000000
-0.872627607346475, 0.479415506279660, 0.000000000000000
-0.881723634597014, 0.462812032082498, 0.000000000000000
-0.890502408193455, 0.446042033157844, 0.000000000000000
-0.898960922772227, 0.429111620334576, 0.000000000000000
-0.907096292457147, 0.412026956970325, 0.000000000000000
-0.914905751707274, 0.394794256550388, 0.000000000000000
-0.922386656114253, 0.377419780275978, 0.000000000000000
-0.929536483149158, 0.359909834642942, 0.000000000000000
-0.936352832858860, 0.342270769012098, 0.000000000000000
-0.942833428511995, 0.324508973172284, 0.000000000000000
-0.948976117194622, 0.306630874897250, 0.000000000000000
-0.954778870355684, 0.288642937497474, 0.000000000000000
-0.960239784302420, 0.270551657368010, 0.000000000000000
-0.965357080645893, 0.252363561533415, 0.000000000000000
-0.970129106696832, 0.234085205190849, 0.000000000000000
-0.974554335811994, 0.215723169252362, 0.000000000000000
-0.978631367691304, 0.197284057887434, 0.000000000000000
-0.982358928626009, 0.178774496066767, 0.000000000000000
-0.985735871698159, 0.160201127108338, 0.000000000000000
-0.988761176931697, 0.141570610226709, 0.000000000000000
-0.991433951395495, 0.122889618086564, 0.000000000000000
-0.993753429258677, 0.104164834361419, 0.000000000000000
-0.995718971798601, 0.085402951298472, 0.000000000000000
-0.997330067361866, 0.066610667290483, 0.000000000000000
-0.998586331278765, 0.047794684455617, 0.000000000000000
-0.999487505731580, 0.028961706226129, 0.000000000000000
-1.000033459577176, 0.010118434946755, 0.000000000000000
-1.000224188124315, -0.008728430516331, 0.000000000000000
-1.000059812866176, -0.027572197155153, 0.000000000000000
-0.999540581168552, -0.046406180187367, 0.000000000000000
-0.998666865914207, -0.065223705410676, 0.000000000000000
-0.997439165103904, -0.084018111543456, 0.000000000000000
-0.995858101414623, -0.102782752550832, 0.000000000000000
-0.993924421715484, -0.121510999955471, 0.000000000000000
-0.991638996541922, -0.140196245132353, 0.000000000000000
-0.989002819528656, -0.158831901586838, 0.000000000000000
-0.986017006802012, -0.177411407215330, 0.000000000000000
-0.982682796332162, -0.195928226547882, 0.000000000000000
-0.979001547245848, -0.214375852972094, 0.000000000000000
-0.974974739100185, -0.232747810937677, 0.000000000000000
-0.970603971118110, -0.251037658141071, 0.000000000000000
-0.965890961386086, -0.269238987689544, 0.000000000000000
-0.960837546014649, -0.287345430244175, 0.000000000000000
-0.955445678262408, -0.305350656141196, 0.000000000000000
-0.949717427624099, -0.323248377491138, 0.000000000000000
-0.943654978883310, -0.341032350255278, 0.000000000000000
-0.937260631130479, -0.358696376298889, 0.000000000000000
-0.930536796746804, -0.376234305420797, 0.000000000000000
-0.923486000354655, -0.393640037358809, 0.000000000000000
-0.916110877735136, -0.410907523770537, 0.000000000000000
-0.908414174713392, -0.428030770189215, 0.000000000000000
-0.900398746012313, -0.445003837954082, 0.000000000000000
-0.892067554075220, -0.461820846114935, 0.000000000000000
-0.883423667858198, -0.478475973310484, 0.000000000000000
-0.874470261592652, -0.494963459620133, 0.000000000000000
-0.865210613518749, -0.511277608388847, 0.000000000000000
-0.855648104590327, -0.527412788024771, 0.000000000000000
-0.845786217151921, -0.543363433769274, 0.000000000000000
-0.835628533588489, -0.559124049439129, 0.000000000000000
-0.825178734948481, -0.574689209140528, 0.000000000000000
-0.814440599540830, -0.590053558954663, 0.000000000000000
-0.803418001506502, -0.605211818594608, 0.000000000000000
-0.792114909365177, -0.620158783033250, 0.000000000000000
-0.780535384537686, -0.634889324102042, 0.000000000000000
-0.768683579844780, -0.649398392060342, 0.000000000000000
-0.756563737982832, -0.663681017135139, 0.000000000000000
-0.744180189977060, -0.677732311030952, 0.000000000000000
-0.731537353612846, -0.691547468409728, 0.000000000000000
-0.718639731845723, -0.705121768340543, 0.000000000000000
-0.705491911190627, -0.718450575718957, 0.000000000000000
-0.692098560090950, -0.731529342655851, 0.000000000000000
-0.678464427267973, -0.744353609835610, 0.000000000000000
-0.664594340051240, -0.756919007843496, 0.000000000000000
-0.650493202690403, -0.769221258462109, 0.000000000000000
-0.636165994649116, -0.781256175936781, 0.000000000000000
-0.621617768881476, -0.793019668209827, 0.000000000000000
-0.606853650091591, -0.804507738123515, 0.000000000000000
-0.591878832976768, -0.815716484591679, 0.000000000000000
-0.576698580454858, -0.826642103739882, 0.000000000000000
-0.561318221876281, -0.837280890014038, 0.000000000000000
-0.545743151221231, -0.847629237257421, 0.000000000000000
-0.529978825282572, -0.857683639755994, 0.000000000000000
-0.514030761834930, -0.867440693251990, 0.000000000000000
-0.497904537790463, -0.876897095925681, 0.000000000000000
-0.481605787341809, -0.886049649345293, 0.000000000000000
-0.465140200092700, -0.894895259385003, 0.000000000000000
-0.448513519176696, -0.903430937110990, 0.000000000000000
-0.431731539364544, -0.911653799635481, 0.000000000000000
-0.414800105160602, -0.919561070938772, 0.000000000000000
-0.397725108888808, -0.927150082659183, 0.000000000000000
-0.380512488768641, -0.934418274850915, 0.000000000000000
-0.363168226981533, -0.941363196709794, 0.000000000000000
-0.345698347728180, -0.947982507266862, 0.000000000000000
-0.328108915277180, -0.954273976049815, 0.000000000000000
-0.310406032005463, -0.960235483712243, 0.000000000000000
-0.292595836430928, -0.965865022630686, 0.000000000000000
-0.274684501237717, -0.971160697469466, 0.000000000000000
-0.256678231294565, -0.976120725713295, 0.000000000000000
-0.238583261666637, -0.980743438167650, 0.000000000000000
-0.220405855621280, -0.985027279426896, 0.000000000000000
-0.202152302628095, -0.988970808310154, 0.000000000000000
-0.183828916353750, -0.992572698264908, 0.000000000000000
-0.165442032651948, -0.995831737738341, 0.000000000000000
-0.146998007548938, -0.998746830516393, 0.000000000000000
-0.128503215224998, -1.001316996030544, 0.000000000000000
-0.109964045992272, -1.003541369632301, 0.000000000000000
-0.091386904269377, -1.005419202835404, 0.000000000000000
-0.072778206553162, -1.006949863525731, 0.000000000000000
-0.054144379388032, -1.008132836138905, 0.000000000000000
-0.035491857333227, -1.008967721805599, 0.000000000000000
-0.016827080928441, -1.009454238464532, 0.000000000000000
0.001843505341811, -1.009592220943152, 0.000000000000000
0.020513455084689, -1.009381621006012, 0.000000000000000
0.039176322036001, -1.008822507370814, 0.000000000000000
0.057825662097256, -1.007915065692140, 0.000000000000000
0.076455035372393, -1.006659598512847, 0.000000000000000
0.095058008203818, -1.005056525183139, 0.000000000000000
0.113628155207329, -1.003106381747290, 0.000000000000000
0.132159061305549, -1.000809820798038, 0.000000000000000
0.150644323759465, -0.998167611298626, 0.000000000000000
0.169077554197682, -0.995180638372495, 0.000000000000000
0.187452380642982, -0.991849903060626, 0.000000000000000
0.205762449535799, -0.988176522046518, 0.000000000000000
0.224001427754200, -0.984161727348814, 0.000000000000000
0.242163004629966, -0.979806865981553, 0.000000000000000
0.260240893960368, -0.975113399582063, 0.000000000000000
0.278228836015228, -0.970082904006483, 0.000000000000000
0.296120599538849, -0.964717068892911, 0.000000000000000
0.313909983746394, -0.959017697192194, 0.000000000000000
0.331590820314303, -0.952986704666337, 0.000000000000000
0.349156975364315, -0.946626119354555, 0.000000000000000
0.366602351440669, -0.939938081006962, 0.000000000000000
0.383920889480054, -0.932924840485902, 0.000000000000000
0.401106570773875, -0.925588759134935, 0.000000000000000
0.418153418922387, -0.917932308115483, 0.000000000000000
0.435055501780253, -0.909958067711151, 0.000000000000000
0.451806933393087, -0.901668726599737, 0.000000000000000
0.468401875924513, -0.893067081092951, 0.000000000000000
0.484834541573289, -0.884156034343855, 0.000000000000000
0.501099194480027, -0.874938595522064, 0.000000000000000
0.517190152623048, -0.865417878956715, 0.000000000000000
0.533101789702879, -0.855597103247262, 0.000000000000000
0.548828537014935, -0.845479590342104, 0.000000000000000
0.564364885309871, -0.835068764585106, 0.000000000000000
0.579705386641144, -0.824368151730060, 0.000000000000000
0.594844656199261, -0.813381377923116, 0.000000000000000
0.609777374132221, -0.802112168653265, 0.000000000000000
0.624498287351640, -0.790564347670914, 0.000000000000000
0.639002211324052, -0.778741835874635, 0.000000000000000
0.653284031846842, -0.766648650166159, 0.000000000000000
0.667338706808314, -0.754288902273688, 0.000000000000000
0.681161267931339, -0.741666797543626, 0.000000000000000
0.694746822500056, -0.728786633700817, 0.000000000000000
0.708090555069071, -0.715652799577395, 0.000000000000000
0.721187729154622, -0.702269773810360, 0.000000000000000
0.734033688907133, -0.688642123507997, 0.000000000000000
0.746623860764613, -0.674774502885276, 0.000000000000000
0.758953755086320, -0.660671651868358, 0.000000000000000
0.771018967766132, -0.646338394668373, 0.000000000000000
0.782815181825029, -0.631779638324613, 0.000000000000000
0.794338168982124, -0.617000371217322, 0.000000000000000
0.805583791203642, -0.602005661550256, 0.000000000000000
0.816548002229255, -0.586800655803207, 0.000000000000000
0.827226849075185, -0.571390577154692, 0.000000000000000
0.837616473513467, -0.555780723875035, 0.000000000000000
0.847713113526762, -0.539976467690042, 0.000000000000000
0.857513104738131, -0.523983252115549, 0.000000000000000
0.867012881815128, -0.507806590763052, 0.000000000000000
0.876208979847621, -0.491452065616733, 0.000000000000000
0.885098035698710, -0.474925325282118, 0.000000000000000
0.893676789328119, -0.458232083206699, 0.000000000000000
0.901942085087447, -0.441378115872809, 0.000000000000000
0.909890872986640, -0.424369260963082, 0.000000000000000
0.917520209931068, -0.407211415498835, 0.000000000000000
0.924827260928563, -0.389910533951735, 0.000000000000000
0.931809300265805, -0.372472626329114, 0.000000000000000
0.938463712653416, -0.354903756233321, 0.000000000000000
0.944787994339125, -0.337210038895526, 0.000000000000000
0.950779754188391, -0.319397639184379, 0.000000000000000
0.956436714731839, -0.301472769589983, 0.000000000000000
0.961756713178891, -0.283441688183614, 0.000000000000000
0.966737702396957, -0.265310696553685, 0.000000000000000
0.971377751855577, -0.247086137718424, 0.000000000000000
0.975675048534873, -0.228774394015788, 0.000000000000000
0.979627897797714, -0.210381884971138, 0.000000000000000
0.983234724224968, -0.191915065143214, 0.000000000000000
0.986494072413242, -0.173380421948980, 0.000000000000000
0.989404607734488, -0.154784473467926, 0.000000000000000
0.991965117056912, -0.136133766226420, 0.000000000000000
0.994174509426555, -0.117434872962730, 0.000000000000000
0.996031816708993, -0.098694390373371, 0.000000000000000
0.997536194190567, -0.079918936841414, 0.000000000000000
0.998686921138571, -0.061115150147457, 0.000000000000000
0.999483401319854, -0.042289685163933, 0.000000000000000
0.999925163477273, -0.023449211533497, 0.000000000000000
1.000011861763461, -0.004600411332201, 0.000000000000000
