-0.000003002504811, 0.000000000000000, 0.000000000000000
-0.000003001438001, -0.000000056595882, 0.000000000000000
-0.000002999304190, -0.000000113171645, 0.000000000000000
-0.000002996103571, -0.000000169707154, 0.000000000000000
-0.000002991836713, -0.000000226182269, 0.000000000000000
-0.000002986504568, -0.000000282576848, 0.000000000000000
-0.000002980108472, -0.000000338870758, 0.000000000000000
-0.000002972650138, -0.000000395043881, 0.000000000000000
-0.000002964131666, -0.000000451076118, 0.000000000000000
-0.000002954555536, -0.000000506947403, 0.000000000000000
-0.000002943924608, -0.000000562637705, 0.000000000000000
-0.000002932242129, -0.000000618127035, 0.000000000000000
-0.000002919511723, -0.000000673395459, 0.000000000000000
-0.000002905737396, -0.000000728423099, 0.000000000000000
-0.000002890923536, -0.000000783190144, 0.000000000000000
-0.000002875074909, -0.000000837676857, 0.000000000000000
-0.000002858196659, -0.000000891863581, 0.000000000000000
-0.000002840294309, -0.000000945730747, 0.000000000000000
-0.000002821373756, -0.000000999258883, 0.000000000000000
-0.000002801441275, -0.000001052428620, 0.000000000000000
-0.000002780503510, -0.000001105220698, 0.000000000000000
-0.000002758567480, -0.000001157615976, 0.000000000000000
-0.000002735640571, -0.000001209595438, 0.000000000000000
-0.000002711730537, -0.000001261140200, 0.000000000000000
-0.000002686845499, -0.000001312231518, 0.000000000000000
-0.000002660993939, -0.000001362850795, 0.000000000000000
-0.000002634184700, -0.000001412979589, 0.000000000000000
-0.000002606426984, -0.000001462599619, 0.000000000000000
-0.000002577730347, -0.000001511692772, 0.000000000000000
-0.000002548104698, -0.000001560241112, 0.000000000000000
-0.000002517560293, -0.000001608226884, 0.000000000000000
-0.000002486107736, -0.000001655632526, 0.000000000000000
-0.000002453757973, -0.000001702440671, 0.000000000000000
-0.000002420522289, -0.000001748634155, 0.000000000000000
-0.000002386412304, -0.000001794196025, 0.000000000000000
-0.000002351439968, -0.000001839109548, 0.000000000000000
-0.000002315617560, -0.000001883358212, 0.000000000000000
-0.000002278957683, -0.000001926925738, 0.000000000000000
-0.000002241473257, -0.000001969796084, 0.000000000000000
-0.000002203177517, -0.000002011953452, 0.000000000000000
-0.000002164084010, -0.000002053382293, 0.000000000000000
-0.000002124206585, -0.000002094067318, 0.000000000000000
-0.000002083559394, -0.000002133993498, 0.000000000000000
-0.000002042156883, -0.000002173146076, 0.000000000000000
-0.000002000013789, -0.000002211510568, 0.000000000000000
-0.000001957145134, -0.000002249072772, 0.000000000000000
-0.000001913566220, -0.000002285818775, 0.000000000000000
-0.000001869292622, -0.000002321734955, 0.000000000000000
-0.000001824340184, -0.000002356807989, 0.000000000000000
-0.000001778725014, -0.000002391024859, 0.000000000000000
-0.000001732463473, -0.000002424372857, 0.000000000000000
-0.000001685572178, -0.000002456839589, 0.000000000000000
-0.000001638067987, -0.000002488412981, 0.000000000000000
-0.000001589967996, -0.000002519081286, 0.000000000000000
-0.000001541289535, -0.000002548833087, 0.000000000000000
-0.000001492050158, -0.000002577657300, 0.000000000000000
-0.000001442267639, -0.000002605543184, 0.000000000000000
-0.000001391959963, -0.000002632480339, 0.000000000000000
-0.000001341145321, -0.000002658458718, 0.000000000000000
-0.000001289842100, -0.000002683468623, 0.000000000000000
-0.000001238068883, -0.000002707500717, 0.000000000000000
-0.000001185844432, -0.000002730546020, 0.000000000000000
-0.000001133187690, -0.000002752595922, 0.000000000000000
-0.000001080117767, -0.000002773642177, 0.000000000000000
-0.000001026653936, -0.000002793676915, 0.000000000000000
-0.000000972815627, -0.000002812692641, 0.000000000000000
-0.000000918622414, -0.000002830682237, 0.000000000000000
-0.000000864094013, -0.000002847638969, 0.000000000000000
-0.000000809250270, -0.000002863556487, 0.000000000000000
-0.000000754111157, -0.000002878428830, 0.000000000000000
-0.000000698696762, -0.000002892250425, 0.000000000000000
-0.000000643027281, -0.000002905016094, 0.000000000000000
-0.000000587123011, -0.000002916721053, 0.000000000000000
-0.000000531004341, -0.000002927360915, 0.000000000000000
-0.000000474691747, -0.000002936931690, 0.000000000000000
-0.000000418205777, -0.000002945429793, 0.000000000000000
-0.000000361567053, -0.000002952852037, 0.000000000000000
-0.000000304796252, -0.000002959195641, 0.000000000000000
-0.000000247914107, -0.000002964458227, 0.000000000000000
-0.000000190941393, -0.000002968637825, 0.000000000000000
-0.000000133898920, -0.000002971732869, 0.000000000000000
-0.000000076807529, -0.000002973742204, 0.000000000000000
-0.000000019688075, -0.000002974665078, 0.000000000000000
0.000000037438571, -0.000002974501151, 0.000000000000000
0.000000094551539, -0.000002973250491, 0.000000000000000
0.000000151629964, -0.000002970913571, 0.000000000000000
0.000000208652993, -0.000002967491277, 0.000000000000000
0.000000265599797, -0.000002962984898, 0.000000000000000
0.000000322449577, -0.000002957396132, 0.000000000000000
0.000000379181571, -0.000002950727084, 0.000000000000000
0.000000435775068, -0.000002942980264, 0.000000000000000
0.000000492209407, -0.000002934158586, 0.000000000000000
0.000000548463994, -0.000002924265367, 0.000000000000000
0.000000604518304, -0.000002913304325, 0.000000000000000
0.000000660351892, -0.000002901279580, 0.000000000000000
0.000000715944402, -0.000002888195647, 0.000000000000000
0.000000771275572, -0.000002874057439, 0.000000000000000
0.000000826325243, -0.000002858870264, 0.000000000000000
0.000000881073369, -0.000002842639820, 0.000000000000000
0.000000935500022, -0.000002825372195, 0.000000000000000
0.000000989585400, -0.000002807073864, 0.000000000000000
0.000001043309839, -0.000002787751683, 0.000000000000000
0.000001096653813, -0.000002767412893, 0.000000000000000
0.000001149597950, -0.000002746065110, 0.000000000000000
0.000001202123033, -0.000002723716325, 0.000000000000000
0.000001254210010, -0.000002700374899, 0.000000000000000
0.000001305840002, -0.000002676049563, 0.000000000000000
0.000001356994309, -0.000002650749408, 0.000000000000000
0.000001407654418, -0.000002624483888, 0.000000000000000
0.000001457802009, -0.000002597262811, 0.000000000000000
0.000001507418964, -0.000002569096335, 0.000000000000000
0.000001556487370, -0.000002539994968, 0.000000000000000
0.000001604989531, -0.000002509969559, 0.000000000000000
0.000001652907971, -0.000002479031294, 0.000000000000000
0.000001700225441, -0.000002447191696, 0.000000000000000
0.000001746924926, -0.000002414462611, 0.000000000000000
0.000001792989653, -0.000002380856213, 0.000000000000000
0.000001838403093, -0.000002346384991, 0.000000000000000
0.000001883148972, -0.000002311061750, 0.000000000000000
0.000001927211274, -0.000002274899600, 0.000000000000000
0.000001970574246, -0.000002237911954, 0.000000000000000
0.000002013222406, -0.000002200112522, 0.000000000000000
0.000002055140549, -0.000002161515304, 0.000000000000000
0.000002096313751, -0.000002122134586, 0.000000000000000
0.000002136727372, -0.000002081984932, 0.000000000000000
0.000002176367067, -0.000002041081180, 0.000000000000000
0.000002215218787, -0.000001999438434, 0.000000000000000
0.000002253268784, -0.000001957072059, 0.000000000000000
0.000002290503617, -0.000001913997675, 0.000000000000000
0.000002326910156, -0.000001870231150, 0.000000000000000
0.000002362475588, -0.000001825788594, 0.000000000000000
0.000002397187419, -0.000001780686349, 0.000000000000000
0.000002431033478, -0.000001734940990, 0.000000000000000
0.000002464001925, -0.000001688569311, 0.000000000000000
0.000002496081252, -0.000001641588322, 0.000000000000000
0.000002527260285, -0.000001594015240, 0.000000000000000
0.000002557528192, -0.000001545867484, 0.000000000000000
0.000002586874482, -0.000001497162669, 0.000000000000000
0.000002615289012, -0.000001447918594, 0.000000000000000
0.000002642761990, -0.000001398153242, 0.000000000000000
0.000002669283973, -0.000001347884766, 0.000000000000000
0.000002694845877, -0.000001297131488, 0.000000000000000
0.000002719438975, -0.000001245911886, 0.000000000000000
0.000002743054901, -0.000001194244593, 0.000000000000000
0.000002765685653, -0.000001142148384, 0.000000000000000
0.000002787323592, -0.000001089642173, 0.000000000000000
0.000002807961450, -0.000001036745002, 0.000000000000000
0.000002827592328, -0.000000983476037, 0.000000000000000
0.000002846209696, -0.000000929854560, 0.000000000000000
0.000002863807401, -0.000000875899960, 0.000000000000000
0.000002880379660, -0.000000821631725, 0.000000000000000
0.000002895921071, -0.000000767069441, 0.000000000000000
0.000002910426607, -0.000000712232774, 0.000000000000000
0.000002923891617, -0.000000657141472, 0.000000000000000
0.000002936311834, -0.000000601815354, 0.000000000000000
0.000002947683367, -0.000000546274303, 0.000000000000000
0.000002958002707, -0.000000490538255, 0.000000000000000
0.000002967266727, -0.000000434627199, 0.000000000000000
0.000002975472680, -0.000000378561164, 0.000000000000000
0.000002982618202, -0.000000322360214, 0.000000000000000
0.000002988701309, -0.000000266044438, 0.000000000000000
0.000002993720400, -0.000000209633947, 0.000000000000000
0.000002997674255, -0.000000153148864, 0.000000000000000
0.000003000562035, -0.000000096609315, 0.000000000000000
0.000003002383281, -0.000000040035428, 0.000000000000000
0.000003003137915, 0.000000016552682, 0.000000000000000
0.000003002826235, 0.000000073134915, 0.000000000000000
0.000003001448922, 0.000000129691194, 0.000000000000000
0.000002999007030, 0.000000186201472, 0.000000000000000
0.000002995501991, 0.000000242645742, 0.000000000000000
0.000002990935610, 0.000000299004040, 0.000000000000000
0.000002985310067, 0.000000355256453, 0.000000000000000
0.000002978627913, 0.000000411383127, 0.000000000000000
0.000002970892067, 0.000000467364275, 0.000000000000000
0.000002962105820, 0.000000523180179, 0.000000000000000
0.000002952272826, 0.000000578811201, 0.000000000000000
0.000002941397103, 0.000000634237790, 0.000000000000000
0.000002929483034, 0.000000689440486, 0.000000000000000
0.000002916535360, 0.000000744399928, 0.000000000000000
0.000002902559177, 0.000000799096858, 0.000000000000000
0.000002887559940, 0.000000853512134, 0.000000000000000
0.000002871543454, 0.000000907626728, 0.000000000000000
0.000002854515874, 0.000000961421740, 0.000000000000000
0.000002836483700, 0.000001014878397, 0.000000000000000
0.000002817453779, 0.000001067978065, 0.000000000000000
0.000002797433296, 0.000001120702252, 0.000000000000000
0.000002776429774, 0.000001173032616, 0.000000000000000
0.000002754451072, 0.000001224950970, 0.000000000000000
0.000002731505378, 0.000001276439285, 0.000000000000000
0.000002707601208, 0.000001327479703, 0.000000000000000
0.000002682747404, 0.000001378054534, 0.000000000000000
0.000002656953125, 0.000001428146269, 0.000000000000000
0.000002630227850, 0.000001477737581, 0.000000000000000
0.000002602581369, 0.000001526811333, 0.000000000000000
0.000002574023781, 0.000001575350582, 0.000000000000000
0.000002544565492, 0.000001623338584, 0.000000000000000
0.000002514217208, 0.000001670758802, 0.000000000000000
0.000002482989931, 0.000001717594907, 0.000000000000000
0.000002450894957, 0.000001763830788, 0.000000000000000
0.000002417943870, 0.000001809450551, 0.000000000000000
0.000002384148538, 0.000001854438529, 0.000000000000000
0.000002349521109, 0.000001898779285, 0.000000000000000
0.000002314074006, 0.000001942457617, 0.000000000000000
0.000002277819924, 0.000001985458561, 0.000000000000000
0.000002240771821, 0.000002027767398, 0.000000000000000
0.000002202942919, 0.000002069369657, 0.000000000000000
0.000002164346695, 0.000002110251120, 0.000000000000000
0.000002124996879, 0.000002150397826, 0.000000000000000
0.000002084907447, 0.000002189796074, 0.000000000000000
0.000002044092618, 0.000002228432430, 0.000000000000000
0.000002002566845, 0.000002266293729, 0.000000000000000
0.000001960344815, 0.000002303367078, 0.000000000000000
0.000001917441443, 0.000002339639862, 0.000000000000000
0.000001873871863, 0.000002375099746, 0.000000000000000
0.000001829651427, 0.000002409734681, 0.000000000000000
0.000001784795696, 0.000002443532903, 0.000000000000000
0.000001739320439, 0.000002476482943, 0.000000000000000
0.000001693241625, 0.000002508573623, 0.000000000000000
0.000001646575416, 0.000002539794066, 0.000000000000000
0.000001599338166, 0.000002570133694, 0.000000000000000
0.000001551546412, 0.000002599582233, 0.000000000000000
0.000001503216869, 0.000002628129719, 0.000000000000000
0.000001454366425, 0.000002655766495, 0.000000000000000
0.000001405012137, 0.000002682483217, 0.000000000000000
0.000001355171222, 0.000002708270857, 0.000000000000000
0.000001304861052, 0.000002733120707, 0.000000000000000
0.000001254099152, 0.000002757024375, 0.000000000000000
0.000001202903190, 0.000002779973796, 0.000000000000000
0.000001151290973, 0.000002801961229, 0.000000000000000
0.000001099280440, 0.000002822979258, 0.000000000000000
0.000001046889660, 0.000002843020801, 0.000000000000000
0.000000994136819, 0.000002862079102, 0.000000000000000
0.000000941040223, 0.000002880147743, 0.000000000000000
0.000000887618284, 0.000002897220639, 0.000000000000000
0.000000833889519, 0.000002913292042, 0.000000000000000
0.000000779872542, 0.000002928356543, 0.000000000000000
0.000000725586060, 0.000002942409073, 0.000000000000000
0.000000671048865, 0.000002955444903, 0.000000000000000
0.000000616279828, 0.000002967459649, 0.000000000000000
0.000000561297893, 0.000002978449270, 0.000000000000000
0.000000506122075, 0.000002988410069, 0.000000000000000
0.000000450771446, 0.000002997338697, 0.000000000000000
0.000000395265138, 0.000003005232151, 0.000000000000000
0.000000339622328, 0.000003012087777, 0.000000000000000
0.000000283862241, 0.000003017903267, 0.000000000000000
0.000000228004135, 0.000003022676666, 0.000000000000000
0.000000172067303, 0.000003026406366, 0.000000000000000
0.000000116071059, 0.000003029091111, 0.000000000000000
0.000000060034739, 0.000003030729994, 0.000000000000000
0.000000003977692, 0.000003031322461, 0.000000000000000
-0.000000052080728, 0.000003030868307, 0.000000000000000
-0.000000108121166, 0.000003029367680, 0.000000000000000
-0.000000164124272, 0.000003026821078, 0.000000000000000
-0.000000220070707, 0.000003023229350, 0.000000000000000
-0.000000275941151, 0.000003018593696, 0.000000000000000
-0.000000331716308, 0.000003012915667, 0.000000000000000
-0.000000387376909, 0.000003006197163, 0.000000000000000
-0.000000442903726, 0.000002998440434, 0.000000000000000
-0.000000498277568, 0.000002989648079, 0.000000000000000
-0.000000553479295, 0.000002979823045, 0.000000000000000
-0.000000608489822, 0.000002968968626, 0.000000000000000
-0.000000663290123, 0.000002957088464, 0.000000000000000
-0.000000717861238, 0.000002944186543, 0.000000000000000
-0.000000772184280, 0.000002930267195, 0.000000000000000
-0.000000826240440, 0.000002915335094, 0.000000000000000
-0.000000880010996, 0.000002899395255, 0.000000000000000
-0.000000933477313, 0.000002882453034, 0.000000000000000
-0.000000986620854, 0.000002864514126, 0.000000000000000
-0.000001039423185, 0.000002845584564, 0.000000000000000
-0.000001091865980, 0.000002825670715, 0.000000000000000
-0.000001143931027, 0.000002804779282, 0.000000000000000
-0.000001195600233, 0.000002782917298, 0.000000000000000
-0.000001246855634, 0.000002760092128, 0.000000000000000
-0.000001297679395, 0.000002736311463, 0.000000000000000
-0.000001348053821, 0.000002711583322, 0.000000000000000
-0.000001397961359, 0.000002685916045, 0.000000000000000
-0.000001447384606, 0.000002659318296, 0.000000000000000
-0.000001496306313, 0.000002631799055, 0.000000000000000
-0.000001544709393, 0.000002603367620, 0.000000000000000
-0.000001592576924, 0.000002574033602, 0.000000000000000
-0.000001639892158, 0.000002543806923, 0.000000000000000
-0.000001686638522, 0.000002512697811, 0.000000000000000
-0.000001732799629, 0.000002480716803, 0.000000000000000
-0.000001778359277, 0.000002447874734, 0.000000000000000
-0.000001823301462, 0.000002414182740, 0.000000000000000
-0.000001867610377, 0.000002379652251, 0.000000000000000
-0.000001911270421, 0.000002344294990, 0.000000000000000
-0.000001954266203, 0.000002308122970, 0.000000000000000
-0.000001996582547, 0.000002271148488, 0.000000000000000
-0.000002038204499, 0.000002233384122, 0.000000000000000
-0.000002079117330, 0.000002194842730, 0.000000000000000
-0.000002119306542, 0.000002155537442, 0.000000000000000
-0.000002158757874, 0.000002115481661, 0.000000000000000
-0.000002197457306, 0.000002074689052, 0.000000000000000
-0.000002235391064, 0.000002033173547, 0.000000000000000
-0.000002272545625, 0.000001990949333, 0.000000000000000
-0.000002308907723, 0.000001948030852, 0.000000000000000
-0.000002344464352, 0.000001904432795, 0.000000000000000
-0.000002379202770, 0.000001860170097, 0.000000000000000
-0.000002413110509, 0.000001815257936, 0.000000000000000
-0.000002446175372, 0.000001769711724, 0.000000000000000
-0.000002478385443, 0.000001723547104, 0.000000000000000
-0.000002509729090, 0.000001676779945, 0.000000000000000
-0.000002540194968, 0.000001629426339, 0.000000000000000
-0.000002569772026, 0.000001581502592, 0.000000000000000
-0.000002598449508, 0.000001533025224, 0.000000000000000
-0.000002626216959, 0.000001484010960, 0.000000000000000
-0.000002653064230, 0.000001434476724, 0.000000000000000
-0.000002678981481, 0.000001384439639, 0.000000000000000
-0.000002703959183, 0.000001333917015, 0.000000000000000
-0.000002727988124, 0.000001282926349, 0.000000000000000
-0.000002751059415, 0.000001231485316, 0.000000000000000
-0.000002773164487, 0.000001179611765, 0.000000000000000
-0.000002794295101, 0.000001127323712, 0.000000000000000
-0.000002814443348, 0.000001074639336, 0.000000000000000
-0.000002833601653, 0.000001021576970, 0.000000000000000
-0.000002851762781, 0.000000968155099, 0.000000000000000
-0.000002868919835, 0.000000914392352, 0.000000000000000
-0.000002885066261, 0.000000860307494, 0.000000000000000
-0.000002900195856, 0.000000805919424, 0.000000000000000
-0.000002914302762, 0.000000751247165, 0.000000000000000
-0.000002927381477, 0.000000696309859, 0.000000000000000
-0.000002939426851, 0.000000641126762, 0.000000000000000
-0.000002950434093, 0.000000585717235, 0.000000000000000
-0.000002960398772, 0.000000530100739, 0.000000000000000
-0.000002969316818, 0.000000474296829, 0.000000000000000
-0.000002977184528, 0.000000418325147, 0.000000000000000
-0.000002983998563, 0.000000362205412, 0.000000000000000
-0.000002989755954, 0.000000305957419, 0.000000000000000
-0.000002994454099, 0.000000249601028, 0.000000000000000
-0.000002998090773, 0.000000193156158, 0.000000000000000
-0.000003000664121, 0.000000136642783, 0.000000000000000
-0.000003002172664, 0.000000080080918, 0.000000000000000
-0.000003002615299, 0.000000023490622, 0.000000000000000
-0.000003001991300, -0.000000033108020, 0.000000000000000
-0.000003000300322, -0.000000089694894, 0.000000000000000
-0.000002997542396, -0.000000146249871, 0.000000000000000
-0.000002993717936, -0.000000202752812, 0.000000000000000
-0.000002988827736, -0.000000259183575, 0.000000000000000
-0.000002982872971, -0.000000315522021, 0.000000000000000
-0.000002975855198, -0.000000371748025, 0.000000000000000
-0.000002967776356, -0.000000427841479, 0.000000000000000
-0.000002958638769, -0.000000483782301, 0.000000000000000
-0.000002948445138, -0.000000539550445, 0.000000000000000
-0.000002937198550, -0.000000595125902, 0.000000000000000
-0.000002924902473, -0.000000650488716, 0.000000000000000
-0.000002911560754, -0.000000705618982, 0.000000000000000
-0.000002897177624, -0.000000760496862, 0.000000000000000
-0.000002881757692, -0.000000815102586, 0.000000000000000
-0.000002865305944, -0.000000869416461, 0.000000000000000
-0.000002847827748, -0.000000923418883, 0.000000000000000
-0.000002829328846, -0.000000977090337, 0.000000000000000
-0.000002809815356, -0.000001030411410, 0.000000000000000
-0.000002789293768, -0.000001083362795, 0.000000000000000
-0.000002767770949, -0.000001135925302, 0.000000000000000
-0.000002745254130, -0.000001188079859, 0.000000000000000
-0.000002721750915, -0.000001239807529, 0.000000000000000
-0.000002697269273, -0.000001291089507, 0.000000000000000
-0.000002671817536, -0.000001341907134, 0.000000000000000
-0.000002645404399, -0.000001392241903, 0.000000000000000
-0.000002618038915, -0.000001442075465, 0.000000000000000
-0.000002589730494, -0.000001491389635, 0.000000000000000
-0.000002560488898, -0.000001540166404, 0.000000000000000
-0.000002530324242, -0.000001588387940, 0.000000000000000
-0.000002499246985, -0.000001636036600, 0.000000000000000
-0.000002467267932, -0.000001683094934, 0.000000000000000
-0.000002434398229, -0.000001729545693, 0.000000000000000
-0.000002400649356, -0.000001775371837, 0.000000000000000
-0.000002366033129, -0.000001820556539, 0.000000000000000
-0.000002330561691, -0.000001865083196, 0.000000000000000
-0.000002294247511, -0.000001908935430, 0.000000000000000
-0.000002257103378, -0.000001952097099, 0.000000000000000
-0.000002219142398, -0.000001994552304, 0.000000000000000
-0.000002180377990, -0.000002036285393, 0.000000000000000
-0.000002140823877, -0.000002077280966, 0.000000000000000
-0.000002100494088, -0.000002117523886, 0.000000000000000
-0.000002059402948, -0.000002156999283, 0.000000000000000
-0.000002017565074, -0.000002195692558, 0.000000000000000
-0.000001974995370, -0.000002233589392, 0.000000000000000
-0.000001931709024, -0.000002270675751, 0.000000000000000
-0.000001887721498, -0.000002306937892, 0.000000000000000
-0.000001843048527, -0.000002342362366, 0.000000000000000
-0.000001797706108, -0.000002376936030, 0.000000000000000
-0.000001751710501, -0.000002410646045, 0.000000000000000
-0.000001705078217, -0.000002443479886, 0.000000000000000
-0.000001657826014, -0.000002475425348, 0.000000000000000
-0.000001609970892, -0.000002506470545, 0.000000000000000
-0.000001561530085, -0.000002536603924, 0.000000000000000
-0.000001512521055, -0.000002565814262, 0.000000000000000
-0.000001462961485, -0.000002594090676, 0.000000000000000
-0.000001412869275, -0.000002621422624, 0.000000000000000
-0.000001362262530, -0.000002647799911, 0.000000000000000
-0.000001311159560, -0.000002673212695, 0.000000000000000
-0.000001259578865, -0.000002697651489, 0.000000000000000
-0.000001207539135, -0.000002721107164, 0.000000000000000
-0.000001155059239, -0.000002743570956, 0.000000000000000
-0.000001102158220, -0.000002765034469, 0.000000000000000
-0.000001048855284, -0.000002785489676, 0.000000000000000
-0.000000995169796, -0.000002804928926, 0.000000000000000
-0.000000941121273, -0.000002823344946, 0.000000000000000
-0.000000886729372, -0.000002840730841, 0.000000000000000
-0.000000832013887, -0.000002857080102, 0.000000000000000
-0.000000776994739, -0.000002872386607, 0.000000000000000
-0.000000721691970, -0.000002886644622, 0.000000000000000
-0.000000666125730, -0.000002899848806, 0.000000000000000
-0.000000610316278, -0.000002911994210, 0.000000000000000
-0.000000554283964, -0.000002923076282, 0.000000000000000
-0.000000498049230, -0.000002933090870, 0.000000000000000
-0.000000441632596, -0.000002942034219, 0.000000000000000
-0.000000385054653, -0.000002949902978, 0.000000000000000
-0.000000328336056, -0.000002956694198, 0.000000000000000
-0.000000271497518, -0.000002962405333, 0.000000000000000
-0.000000214559796, -0.000002967034245, 0.000000000000000
-0.000000157543688, -0.000002970579200, 0.000000000000000
-0.000000100470022, -0.000002973038874, 0.000000000000000
-0.000000043359649, -0.000002974412346, 0.000000000000000
0.000000013766567, -0.000002974699108, 0.000000000000000
0.000000070887753, -0.000002973899057, 0.000000000000000
0.000000127983041, -0.000002972012500, 0.000000000000000
0.000000185031572, -0.000002969040151, 0.000000000000000
0.000000242012506, -0.000002964983132, 0.000000000000000
0.000000298905032, -0.000002959842974, 0.000000000000000
0.000000355688370, -0.000002953621611, 0.000000000000000
0.000000412341787, -0.000002946321388, 0.000000000000000
0.000000468844602, -0.000002937945049, 0.000000000000000
0.000000525176190, -0.000002928495747, 0.000000000000000
0.000000581315998, -0.000002917977033, 0.000000000000000
0.000000637243546, -0.000002906392860, 0.000000000000000
0.000000692938442, -0.000002893747581, 0.000000000000000
0.000000748380382, -0.000002880045946, 0.000000000000000
0.000000803549165, -0.000002865293097, 0.000000000000000
0.000000858424696, -0.000002849494572, 0.000000000000000
0.000000912986998, -0.000002832656297, 0.000000000000000
0.000000967216216, -0.000002814784588, 0.000000000000000
0.000001021092628, -0.000002795886144, 0.000000000000000
0.000001074596650, -0.000002775968046, 0.000000000000000
0.000001127708846, -0.000002755037756, 0.000000000000000
0.000001180409933, -0.000002733103109, 0.000000000000000
0.000001232680791, -0.000002710172315, 0.000000000000000
0.000001284502468, -0.000002686253951, 0.000000000000000
0.000001335856189, -0.000002661356960, 0.000000000000000
0.000001386723363, -0.000002635490645, 0.000000000000000
0.000001437085589, -0.000002608664669, 0.000000000000000
0.000001486924665, -0.000002580889045, 0.000000000000000
0.000001536222593, -0.000002552174137, 0.000000000000000
0.000001584961586, -0.000002522530653, 0.000000000000000
0.000001633124076, -0.000002491969640, 0.000000000000000
0.000001680692720, -0.000002460502482, 0.000000000000000
0.000001727650406, -0.000002428140891, 0.000000000000000
0.000001773980258, -0.000002394896907, 0.000000000000000
0.000001819665648, -0.000002360782889, 0.000000000000000
0.000001864690194, -0.000002325811511, 0.000000000000000
0.000001909037773, -0.000002289995757, 0.000000000000000
0.000001952692522, -0.000002253348916, 0.000000000000000
0.000001995638849, -0.000002215884575, 0.000000000000000
0.000002037861431, -0.000002177616614, 0.000000000000000
0.000002079345227, -0.000002138559202, 0.000000000000000
0.000002120075481, -0.000002098726788, 0.000000000000000
0.000002160037725, -0.000002058134097, 0.000000000000000
0.000002199217785, -0.000002016796124, 0.000000000000000
0.000002237601789, -0.000001974728126, 0.000000000000000
0.000002275176169, -0.000001931945618, 0.000000000000000
0.000002311927666, -0.000001888464365, 0.000000000000000
0.000002347843335, -0.000001844300379, 0.000000000000000
0.000002382910548, -0.000001799469905, 0.000000000000000
0.000002417117002, -0.000001753989423, 0.000000000000000
0.000002450450719, -0.000001707875637, 0.000000000000000
0.000002482900053, -0.000001661145466, 0.000000000000000
0.000002514453691, -0.000001613816045, 0.000000000000000
0.000002545100659, -0.000001565904708, 0.000000000000000
0.000002574830325, -0.000001517428989, 0.000000000000000
0.000002603632401, -0.000001468406613, 0.000000000000000
0.000002631496950, -0.000001418855486, 0.000000000000000
0.000002658414384, -0.000001368793692, 0.000000000000000
0.000002684375470, -0.000001318239482, 0.000000000000000
0.000002709371333, -0.000001267211272, 0.000000000000000
0.000002733393456, -0.000001215727630, 0.000000000000000
0.000002756433687, -0.000001163807273, 0.000000000000000
0.000002778484237, -0.000001111469058, 0.000000000000000
0.000002799537684, -0.000001058731975, 0.000000000000000
0.000002819586974, -0.000001005615138, 0.000000000000000
0.000002838625427, -0.000000952137783, 0.000000000000000
0.000002856646731, -0.000000898319254, 0.000000000000000
0.000002873644951, -0.000000844178999, 0.000000000000000
0.000002889614527, -0.000000789736564, 0.000000000000000
0.000002904550275, -0.000000735011581, 0.000000000000000
0.000002918447390, -0.000000680023767, 0.000000000000000
0.000002931301444, -0.000000624792911, 0.000000000000000
0.000002943108392, -0.000000569338869, 0.000000000000000
0.000002953864565, -0.000000513681557, 0.000000000000000
0.000002963566678, -0.000000457840942, 0.000000000000000
0.000002972211828, -0.000000401837037, 0.000000000000000
0.000002979797489, -0.000000345689892, 0.000000000000000
0.000002986321522, -0.000000289419586, 0.000000000000000
0.000002991782167, -0.000000233046221, 0.000000000000000
0.000002996178045, -0.000000176589916, 0.000000000000000
0.000002999508160, -0.000000120070797, 0.000000000000000
0.000003001771894, -0.000000063508990, 0.000000000000000
0.000003002969012, -0.000000006924618, 0.000000000000000
0.000003003099657, 0.000000049662214, 0.000000000000000
0.000003002164350, 0.000000106231419, 0.000000000000000
0.000003000163991, 0.000000162762936, 0.000000000000000
0.000002997099854, 0.000000219236742, 0.000000000000000
0.000002992973591, 0.000000275632853, 0.000000000000000
0.000002987787226, 0.000000331931336, 0.000000000000000
0.000002981543156, 0.000000388112312, 0.000000000000000
0.000002974244147, 0.000000444155964, 0.000000000000000
0.000002965893337, 0.000000500042547, 0.000000000000000
0.000002956494228, 0.000000555752388, 0.000000000000000
0.000002946050689, 0.000000611265901, 0.000000000000000
0.000002934566950, 0.000000666563586, 0.000000000000000
0.000002922047604, 0.000000721626041, 0.000000000000000
0.000002908497600, 0.000000776433965, 0.000000000000000
0.000002893922245, 0.000000830968168, 0.000000000000000
0.000002878327197, 0.000000885209573, 0.000000000000000
0.000002861718468, 0.000000939139227, 0.000000000000000
0.000002844102413, 0.000000992738304, 0.000000000000000
0.000002825485737, 0.000001045988112, 0.000000000000000
0.000002805875484, 0.000001098870100, 0.000000000000000
0.000002785279037, 0.000001151365862, 0.000000000000000
0.000002763704115, 0.000001203457147, 0.000000000000000
0.000002741158771, 0.000001255125860, 0.000000000000000
0.000002717651385, 0.000001306354071, 0.000000000000000
0.000002693190663, 0.000001357124021, 0.000000000000000
0.000002667785632, 0.000001407418125, 0.000000000000000
0.000002641445641, 0.000001457218979, 0.000000000000000
0.000002614180348, 0.000001506509368, 0.000000000000000
0.000002585999726, 0.000001555272267, 0.000000000000000
0.000002556914054, 0.000001603490851, 0.000000000000000
0.000002526933912, 0.000001651148494, 0.000000000000000
0.000002496070181, 0.000001698228781, 0.000000000000000
0.000002464334034, 0.000001744715511, 0.000000000000000
0.000002431736936, 0.000001790592698, 0.000000000000000
0.000002398290637, 0.000001835844582, 0.000000000000000
0.000002364007171, 0.000001880455630, 0.000000000000000
0.000002328898845, 0.000001924410540, 0.000000000000000
0.000002292978241, 0.000001967694250, 0.000000000000000
0.000002256258210, 0.000002010291940, 0.000000000000000
0.000002218751864, 0.000002052189034, 0.000000000000000
0.000002180472574, 0.000002093371209, 0.000000000000000
0.000002141433966, 0.000002133824396, 0.000000000000000
0.000002101649913, 0.000002173534787, 0.000000000000000
0.000002061134533, 0.000002212488837, 0.000000000000000
0.000002019902185, 0.000002250673267, 0.000000000000000
0.000001977967457, 0.000002288075072, 0.000000000000000
0.000001935345170, 0.000002324681521, 0.000000000000000
0.000001892050367, 0.000002360480162, 0.000000000000000
0.000001848098311, 0.000002395458826, 0.000000000000000
0.000001803504476, 0.000002429605632, 0.000000000000000
0.000001758284545, 0.000002462908987, 0.000000000000000
0.000001712454404, 0.000002495357593, 0.000000000000000
0.000001666030135, 0.000002526940445, 0.000000000000000
0.000001619028014, 0.000002557646842, 0.000000000000000
0.000001571464502, 0.000002587466385, 0.000000000000000
0.000001523356239, 0.000002616388978, 0.000000000000000
0.000001474720044, 0.000002644404836, 0.000000000000000
0.000001425572903, 0.000002671504487, 0.000000000000000
0.000001375931966, 0.000002697678770, 0.000000000000000
0.000001325814543, 0.000002722918844, 0.000000000000000
0.000001275238096, 0.000002747216185, 0.000000000000000
0.000001224220232, 0.000002770562592, 0.000000000000000
0.000001172778703, 0.000002792950189, 0.000000000000000
0.000001120931393, 0.000002814371425, 0.000000000000000
0.000001068696316, 0.000002834819077, 0.000000000000000
0.000001016091612, 0.000002854286256, 0.000000000000000
0.000000963135537, 0.000002872766402, 0.000000000000000
0.000000909846460, 0.000002890253292, 0.000000000000000
0.000000856242854, 0.000002906741036, 0.000000000000000
0.000000802343294, 0.000002922224085, 0.000000000000000
0.000000748166450, 0.000002936697228, 0.000000000000000
0.000000693731077, 0.000002950155595, 0.000000000000000
0.000000639056014, 0.000002962594659, 0.000000000000000
0.000000584160178, 0.000002974010234, 0.000000000000000
0.000000529062553, 0.000002984398481, 0.000000000000000
0.000000473782188, 0.000002993755907, 0.000000000000000
0.000000418338192, 0.000003002079365, 0.000000000000000
0.000000362749723, 0.000003009366053, 0.000000000000000
0.000000307035987, 0.000003015613522, 0.000000000000000
0.000000251216229, 0.000003020819669, 0.000000000000000
0.000000195309729, 0.000003024982742, 0.000000000000000
0.000000139335791, 0.000003028101338, 0.000000000000000
0.000000083313745, 0.000003030174405, 0.000000000000000
0.000000027262934, 0.000003031201242, 0.000000000000000
-0.000000028797289, 0.000003031181499, 0.000000000000000
-0.000000084847569, 0.000003030115177, 0.000000000000000
-0.000000140868552, 0.000003028002629, 0.000000000000000
-0.000000196840895, 0.000003024844557, 0.000000000000000
-0.000000252745268, 0.000003020642017, 0.000000000000000
-0.000000308562365, 0.000003015396412, 0.000000000000000
-0.000000364272905, 0.000003009109497, 0.000000000000000
-0.000000419857642, 0.000003001783378, 0.000000000000000
-0.000000475297368, 0.000002993420508, 0.000000000000000
-0.000000530572922, 0.000002984023690, 0.000000000000000
-0.000000585665195, 0.000002973596073, 0.000000000000000
-0.000000640555135, 0.000002962141154, 0.000000000000000
-0.000000695223754, 0.000002949662776, 0.000000000000000
-0.000000749652134, 0.000002936165126, 0.000000000000000
-0.000000803821434, 0.000002921652737, 0.000000000000000
-0.000000857712892, 0.000002906130480, 0.000000000000000
-0.000000911307837, 0.000002889603572, 0.000000000000000
-0.000000964587692, 0.000002872077566, 0.000000000000000
-0.000001017533978, 0.000002853558354, 0.000000000000000
-0.000001070128322, 0.000002834052166, 0.000000000000000
-0.000001122352466, 0.000002813565564, 0.000000000000000
-0.000001174188265, 0.000002792105446, 0.000000000000000
-0.000001225617701, 0.000002769679037, 0.000000000000000
-0.000001276622885, 0.000002746293895, 0.000000000000000
-0.000001327186062, 0.000002721957901, 0.000000000000000
-0.000001377289619, 0.000002696679263, 0.000000000000000
-0.000001426916090, 0.000002670466510, 0.000000000000000
-0.000001476048161, 0.000002643328492, 0.000000000000000
-0.000001524668678, 0.000002615274375, 0.000000000000000
-0.000001572760648, 0.000002586313640, 0.000000000000000
-0.000001620307249, 0.000002556456080, 0.000000000000000
-0.000001667291837, 0.000002525711798, 0.000000000000000
-0.000001713697944, 0.000002494091200, 0.000000000000000
-0.000001759509292, 0.000002461605000, 0.000000000000000
-0.000001804709793, 0.000002428264208, 0.000000000000000
-0.000001849283558, 0.000002394080134, 0.000000000000000
-0.000001893214898, 0.000002359064379, 0.000000000000000
-0.000001936488335, 0.000002323228836, 0.000000000000000
-0.000001979088603, 0.000002286585684, 0.000000000000000
-0.000002021000654, 0.000002249147385, 0.000000000000000
-0.000002062209664, 0.000002210926683, 0.000000000000000
-0.000002102701040, 0.000002171936594, 0.000000000000000
-0.000002142460421, 0.000002132190408, 0.000000000000000
-0.000002181473685, 0.000002091701683, 0.000000000000000
-0.000002219726956, 0.000002050484241, 0.000000000000000
-0.000002257206606, 0.000002008552162, 0.000000000000000
-0.000002293899261, 0.000001965919785, 0.000000000000000
-0.000002329791805, 0.000001922601697, 0.000000000000000
-0.000002364871387, 0.000001878612733, 0.000000000000000
-0.000002399125424, 0.000001833967972, 0.000000000000000
-0.000002432541606, 0.000001788682727, 0.000000000000000
-0.000002465107898, 0.000001742772547, 0.000000000000000
-0.000002496812551, 0.000001696253209, 0.000000000000000
-0.000002527644100, 0.000001649140712, 0.000000000000000
-0.000002557591369, 0.000001601451276, 0.000000000000000
-0.000002586643481, 0.000001553201331, 0.000000000000000
-0.000002614789855, 0.000001504407519, 0.000000000000000
-0.000002642020213, 0.000001455086682, 0.000000000000000
-0.000002668324587, 0.000001405255861, 0.000000000000000
-0.000002693693318, 0.000001354932290, 0.000000000000000
-0.000002718117062, 0.000001304133390, 0.000000000000000
-0.000002741586794, 0.000001252876761, 0.000000000000000
-0.000002764093813, 0.000001201180183, 0.000000000000000
-0.000002785629742, 0.000001149061603, 0.000000000000000
-0.000002806186534, 0.000001096539133, 0.000000000000000
-0.000002825756475, 0.000001043631044, 0.000000000000000
-0.000002844332188, 0.000000990355759, 0.000000000000000
-0.000002861906635, 0.000000936731848, 0.000000000000000
-0.000002878473121, 0.000000882778020, 0.000000000000000
-0.000002894025295, 0.000000828513121, 0.000000000000000
-0.000002908557155, 0.000000773956122, 0.000000000000000
-0.000002922063052, 0.000000719126119, 0.000000000000000
-0.000002934537689, 0.000000664042320, 0.000000000000000
-0.000002945976126, 0.000000608724045, 0.000000000000000
-0.000002956373781, 0.000000553190714, 0.000000000000000
-0.000002965726436, 0.000000497461845, 0.000000000000000
-0.000002974030234, 0.000000441557045, 0.000000000000000
-0.000002981281685, 0.000000385496001, 0.000000000000000
-0.000002987477665, 0.000000329298479, 0.000000000000000
-0.000002992615421, 0.000000272984313, 0.000000000000000
-0.000002996692571, 0.000000216573400, 0.000000000000000
-0.000002999707106, 0.000000160085691, 0.000000000000000
-0.000003001657391, 0.000000103541185, 0.000000000000000
-0.000003002542167, 0.000000046959925, 0.000000000000000
-0.000003002360552, -0.000000009638013, 0.000000000000000
-0.000003001112042, -0.000000066232526, 0.000000000000000
-0.000002998796513, -0.000000122803491, 0.000000000000000
-0.000002995414218, -0.000000179330771, 0.000000000000000
-0.000002990965796, -0.000000235794224, 0.000000000000000
-0.000002985452262, -0.000000292173708, 0.000000000000000
-0.000002978875015, -0.000000348449091, 0.000000000000000
-0.000002971235838, -0.000000404600257, 0.000000000000000
-0.000002962536892, -0.000000460607111, 0.000000000000000
-0.000002952780724, -0.000000516449592, 0.000000000000000
-0.000002941970261, -0.000000572107674, 0.000000000000000
-0.000002930108812, -0.000000627561376, 0.000000000000000
-0.000002917200068, -0.000000682790773, 0.000000000000000
-0.000002903248101, -0.000000737775997, 0.000000000000000
-0.000002888257362, -0.000000792497247, 0.000000000000000
-0.000002872232684, -0.000000846934798, 0.000000000000000
-0.000002855179275, -0.000000901069009, 0.000000000000000
-0.000002837102722, -0.000000954880324, 0.000000000000000
-0.000002818008989, -0.000001008349289, 0.000000000000000
-0.000002797904411, -0.000001061456550, 0.000000000000000
-0.000002776795700, -0.000001114182868, 0.000000000000000
-0.000002754689936, -0.000001166509121, 0.000000000000000
-0.000002731594569, -0.000001218416314, 0.000000000000000
-0.000002707517418, -0.000001269885587, 0.000000000000000
-0.000002682466664, -0.000001320898219, 0.000000000000000
-0.000002656450852, -0.000001371435639, 0.000000000000000
-0.000002629478888, -0.000001421479429, 0.000000000000000
-0.000002601560035, -0.000001471011338, 0.000000000000000
-0.000002572703909, -0.000001520013282, 0.000000000000000
-0.000002542920480, -0.000001568467353, 0.000000000000000
-0.000002512220065, -0.000001616355830, 0.000000000000000
-0.000002480613326, -0.000001663661182, 0.000000000000000
-0.000002448111269, -0.000001710366074, 0.000000000000000
-0.000002414725235, -0.000001756453381, 0.000000000000000
-0.000002380466904, -0.000001801906184, 0.000000000000000
-0.000002345348282, -0.000001846707787, 0.000000000000000
-0.000002309381705, -0.000001890841718, 0.000000000000000
-0.000002272579831, -0.000001934291737, 0.000000000000000
-0.000002234955634, -0.000001977041842, 0.000000000000000
-0.000002196522405, -0.000002019076278, 0.000000000000000
-0.000002157293741, -0.000002060379540, 0.000000000000000
-0.000002117283547, -0.000002100936381, 0.000000000000000
-0.000002076506025, -0.000002140731820, 0.000000000000000
-0.000002034975673, -0.000002179751143, 0.000000000000000
-0.000001992707276, -0.000002217979917, 0.000000000000000
-0.000001949715906, -0.000002255403987, 0.000000000000000
-0.000001906016912, -0.000002292009489, 0.000000000000000
-0.000001861625918, -0.000002327782852, 0.000000000000000
-0.000001816558813, -0.000002362710805, 0.000000000000000
-0.000001770831749, -0.000002396780383, 0.000000000000000
-0.000001724461133, -0.000002429978929, 0.000000000000000
-0.000001677463624, -0.000002462294106, 0.000000000000000
-0.000001629856122, -0.000002493713895, 0.000000000000000
-0.000001581655764, -0.000002524226605, 0.000000000000000
-0.000001532879921, -0.000002553820874, 0.000000000000000
-0.000001483546184, -0.000002582485679, 0.000000000000000
-0.000001433672364, -0.000002610210336, 0.000000000000000
-0.000001383276483, -0.000002636984506, 0.000000000000000
-0.000001332376768, -0.000002662798201, 0.000000000000000
-0.000001280991639, -0.000002687641784, 0.000000000000000
-0.000001229139712, -0.000002711505979, 0.000000000000000
-0.000001176839780, -0.000002734381871, 0.000000000000000
-0.000001124110816, -0.000002756260911, 0.000000000000000
-0.000001070971960, -0.000002777134919, 0.000000000000000
-0.000001017442513, -0.000002796996087, 0.000000000000000
-0.000000963541929, -0.000002815836985, 0.000000000000000
-0.000000909289808, -0.000002833650562, 0.000000000000000
-0.000000854705890, -0.000002850430150, 0.000000000000000
-0.000000799810044, -0.000002866169465, 0.000000000000000
-0.000000744622262, -0.000002880862613, 0.000000000000000
-0.000000689162651, -0.000002894504089, 0.000000000000000
-0.000000633451427, -0.000002907088783, 0.000000000000000
-0.000000577508902, -0.000002918611977, 0.000000000000000
-0.000000521355482, -0.000002929069356, 0.000000000000000
-0.000000465011655, -0.000002938456997, 0.000000000000000
-0.000000408497985, -0.000002946771385, 0.000000000000000
-0.000000351835101, -0.000002954009402, 0.000000000000000
-0.000000295043694, -0.000002960168337, 0.000000000000000
-0.000000238144501, -0.000002965245882, 0.000000000000000
-0.000000181158307, -0.000002969240137, 0.000000000000000
-0.000000124105928, -0.000002972149607, 0.000000000000000
-0.000000067008206, -0.000002973973206, 0.000000000000000
-0.000000009886001, -0.000002974710253, 0.000000000000000
0.000000047239816, -0.000002974360479, 0.000000000000000
0.000000104348375, -0.000002972924022, 0.000000000000000
0.000000161418812, -0.000002970401425, 0.000000000000000
0.000000218430278, -0.000002966793645, 0.000000000000000
0.000000275361948, -0.000002962102041, 0.000000000000000
0.000000332193030, -0.000002956328382, 0.000000000000000
0.000000388902770, -0.000002949474843, 0.000000000000000
0.000000445470463, -0.000002941544003, 0.000000000000000
0.000000501875461, -0.000002932538845, 0.000000000000000
0.000000558097181, -0.000002922462757, 0.000000000000000
0.000000614115111, -0.000002911319526, 0.000000000000000
0.000000669908822, -0.000002899113339, 0.000000000000000
0.000000725457971, -0.000002885848781, 0.000000000000000
0.000000780742316, -0.000002871530835, 0.000000000000000
0.000000835741716, -0.000002856164873, 0.000000000000000
0.000000890436145, -0.000002839756663, 0.000000000000000
0.000000944805696, -0.000002822312358, 0.000000000000000
0.000000998830592, -0.000002803838500, 0.000000000000000
0.000001052491190, -0.000002784342012, 0.000000000000000
0.000001105767992, -0.000002763830199, 0.000000000000000
0.000001158641651, -0.000002742310742, 0.000000000000000
0.000001211092980, -0.000002719791696, 0.000000000000000
0.000001263102955, -0.000002696281487, 0.000000000000000
0.000001314652728, -0.000002671788906, 0.000000000000000
0.000001365723631, -0.000002646323110, 0.000000000000000
0.000001416297184, -0.000002619893611, 0.000000000000000
0.000001466355102, -0.000002592510279, 0.000000000000000
0.000001515879302, -0.000002564183332, 0.000000000000000
0.000001564851908, -0.000002534923338, 0.000000000000000
0.000001613255261, -0.000002504741203, 0.000000000000000
0.000001661071926, -0.000002473648172, 0.000000000000000
0.000001708284692, -0.000002441655823, 0.000000000000000
0.000001754876587, -0.000002408776060, 0.000000000000000
0.000001800830879, -0.000002375021110, 0.000000000000000
0.000001846131084, -0.000002340403518, 0.000000000000000
0.000001890760970, -0.000002304936140, 0.000000000000000
0.000001934704569, -0.000002268632140, 0.000000000000000
0.000001977946172, -0.000002231504980, 0.000000000000000
0.000002020470348, -0.000002193568423, 0.000000000000000
0.000002062261937, -0.000002154836516, 0.000000000000000
0.000002103306065, -0.000002115323593, 0.000000000000000
0.000002143588143, -0.000002075044267, 0.000000000000000
0.000002183093878, -0.000002034013420, 0.000000000000000
0.000002221809270, -0.000001992246201, 0.000000000000000
0.000002259720626, -0.000001949758021, 0.000000000000000
0.000002296814558, -0.000001906564541, 0.000000000000000
0.000002333077991, -0.000001862681671, 0.000000000000000
0.000002368498166, -0.000001818125560, 0.000000000000000
0.000002403062644, -0.000001772912593, 0.000000000000000
0.000002436759313, -0.000001727059379, 0.000000000000000
0.000002469576389, -0.000001680582751, 0.000000000000000
0.000002501502421, -0.000001633499753, 0.000000000000000
0.000002532526294, -0.000001585827639, 0.000000000000000
0.000002562637235, -0.000001537583861, 0.000000000000000
0.000002591824813, -0.000001488786065, 0.000000000000000
0.000002620078946, -0.000001439452081, 0.000000000000000
0.000002647389899, -0.000001389599922, 0.000000000000000
0.000002673748294, -0.000001339247770, 0.000000000000000
0.000002699145107, -0.000001288413973, 0.000000000000000
0.000002723571673, -0.000001237117037, 0.000000000000000
0.000002747019689, -0.000001185375617, 0.000000000000000
0.000002769481214, -0.000001133208513, 0.000000000000000
0.000002790948675, -0.000001080634661, 0.000000000000000
0.000002811414865, -0.000001027673124, 0.000000000000000
0.000002830872949, -0.000000974343087, 0.000000000000000
0.000002849316463, -0.000000920663851, 0.000000000000000
0.000002866739316, -0.000000866654822, 0.000000000000000
0.000002883135792, -0.000000812335504, 0.000000000000000
0.000002898500551, -0.000000757725496, 0.000000000000000
0.000002912828632, -0.000000702844479, 0.000000000000000
0.000002926115450, -0.000000647712213, 0.000000000000000
0.000002938356801, -0.000000592348527, 0.000000000000000
0.000002949548860, -0.000000536773313, 0.000000000000000
0.000002959688185, -0.000000481006516, 0.000000000000000
0.000002968771712, -0.000000425068132, 0.000000000000000
0.000002976796761, -0.000000368978196, 0.000000000000000
0.000002983761032, -0.000000312756774, 0.000000000000000
0.000002989662607, -0.000000256423961, 0.000000000000000
0.000002994499950, -0.000000199999869, 0.000000000000000
0.000002998271906, -0.000000143504621, 0.000000000000000
0.000003000977701, -0.000000086958344, 0.000000000000000
0.000003002616941, -0.000000030381161, 0.000000000000000
0.000003003189613, 0.000000026206813, 0.000000000000000
0.000003002696080, 0.000000082785482, 0.000000000000000
0.000003001137086, 0.000000139334777, 0.000000000000000
0.000002998513751, 0.000000195834656, 0.000000000000000
0.000002994827568, 0.000000252265121, 0.000000000000000
0.000002990080409, 0.000000308606215, 0.000000000000000
0.000002984274515, 0.000000364838037, 0.000000000000000
0.000002977412501, 0.000000420940744, 0.000000000000000
0.000002969497350, 0.000000476894561, 0.000000000000000
0.000002960532412, 0.000000532679783, 0.000000000000000
0.000002950521405, 0.000000588276790, 0.000000000000000
0.000002939468410, 0.000000643666044, 0.000000000000000
0.000002927377870, 0.000000698828102, 0.000000000000000
0.000002914254585, 0.000000753743622, 0.000000000000000
0.000002900103714, 0.000000808393366, 0.000000000000000
0.000002884930771, 0.000000862758211, 0.000000000000000
0.000002868741620, 0.000000916819152, 0.000000000000000
0.000002851542474, 0.000000970557308, 0.000000000000000
0.000002833339894, 0.000001023953933, 0.000000000000000
0.000002814140783, 0.000001076990417, 0.000000000000000
0.000002793952383, 0.000001129648292, 0.000000000000000
0.000002772782276, 0.000001181909244, 0.000000000000000
0.000002750638374, 0.000001233755112, 0.000000000000000
0.000002727528923, 0.000001285167897, 0.000000000000000
0.000002703462494, 0.000001336129769, 0.000000000000000
0.000002678447981, 0.000001386623070, 0.000000000000000
0.000002652494599, 0.000001436630321, 0.000000000000000
0.000002625611879, 0.000001486134228, 0.000000000000000
0.000002597809663, 0.000001535117686, 0.000000000000000
0.000002569098104, 0.000001583563788, 0.000000000000000
0.000002539487657, 0.000001631455824, 0.000000000000000
0.000002508989077, 0.000001678777292, 0.000000000000000
0.000002477613418, 0.000001725511901, 0.000000000000000
0.000002445372024, 0.000001771643575, 0.000000000000000
0.000002412276527, 0.000001817156461, 0.000000000000000
0.000002378338842, 0.000001862034930, 0.000000000000000
0.000002343571164, 0.000001906263585, 0.000000000000000
0.000002307985963, 0.000001949827264, 0.000000000000000
0.000002271595975, 0.000001992711045, 0.000000000000000
0.000002234414207, 0.000002034900252, 0.000000000000000
0.000002196453922, 0.000002076380455, 0.000000000000000
0.000002157728639, 0.000002117137480, 0.000000000000000
0.000002118252132, 0.000002157157410, 0.000000000000000
0.000002078038415, 0.000002196426591, 0.000000000000000
0.000002037101748, 0.000002234931633, 0.000000000000000
0.000001995456625, 0.000002272659416, 0.000000000000000
0.000001953117770, 0.000002309597096, 0.000000000000000
0.000001910100135, 0.000002345732104, 0.000000000000000
0.000001866418892, 0.000002381052155, 0.000000000000000
0.000001822089426, 0.000002415545246, 0.000000000000000
0.000001777127336, 0.000002449199665, 0.000000000000000
0.000001731548423, 0.000002482003990, 0.000000000000000
0.000001685368688, 0.000002513947095, 0.000000000000000
0.000001638604328, 0.000002545018153, 0.000000000000000
0.000001591271727, 0.000002575206638, 0.000000000000000
0.000001543387451, 0.000002604502329, 0.000000000000000
0.000001494968245, 0.000002632895311, 0.000000000000000
0.000001446031026, 0.000002660375982, 0.000000000000000
0.000001396592877, 0.000002686935051, 0.000000000000000
0.000001346671043, 0.000002712563544, 0.000000000000000
0.000001296282921, 0.000002737252805, 0.000000000000000
0.000001245446060, 0.000002760994499, 0.000000000000000
0.000001194178152, 0.000002783780615, 0.000000000000000
0.000001142497027, 0.000002805603465, 0.000000000000000
0.000001090420646, 0.000002826455692, 0.000000000000000
0.000001037967096, 0.000002846330266, 0.000000000000000
0.000000985154586, 0.000002865220491, 0.000000000000000
0.000000932001439, 0.000002883120003, 0.000000000000000
0.000000878526084, 0.000002900022774, 0.000000000000000
0.000000824747057, 0.000002915923114, 0.000000000000000
0.000000770682987, 0.000002930815670, 0.000000000000000
0.000000716352594, 0.000002944695431, 0.000000000000000
0.000000661774685, 0.000002957557727, 0.000000000000000
0.000000606968144, 0.000002969398230, 0.000000000000000
0.000000551951927, 0.000002980212957, 0.000000000000000
0.000000496745058, 0.000002989998271, 0.000000000000000
0.000000441366622, 0.000002998750881, 0.000000000000000
0.000000385835756, 0.000003006467841, 0.000000000000000
0.000000330171647, 0.000003013146557, 0.000000000000000
0.000000274393526, 0.000003018784780, 0.000000000000000
0.000000218520657, 0.000003023380613, 0.000000000000000
0.000000162572337, 0.000003026932507, 0.000000000000000
0.000000106567885, 0.000003029439266, 0.000000000000000
0.000000050526639, 0.000003030900042, 0.000000000000000
-0.000000005532051, 0.000003031314340, 0.000000000000000
-0.000000061588830, 0.000003030682013, 0.000000000000000
-0.000000117624343, 0.000003029003270, 0.000000000000000
-0.000000173619241, 0.000003026278667, 0.000000000000000
-0.000000229554189, 0.000003022509112, 0.000000000000000
-0.000000285409869, 0.000003017695865, 0.000000000000000
-0.000000341166989, 0.000003011840536, 0.000000000000000
-0.000000396806288, 0.000003004945083, 0.000000000000000
-0.000000452308541, 0.000002997011815, 0.000000000000000
-0.000000507654568, 0.000002988043391, 0.000000000000000
-0.000000562825235, 0.000002978042815, 0.000000000000000
-0.000000617801468, 0.000002967013441, 0.000000000000000
-0.000000672564250, 0.000002954958967, 0.000000000000000
-0.000000727094633, 0.000002941883439, 0.000000000000000
-0.000000781373743, 0.000002927791244, 0.000000000000000
-0.000000835382785, 0.000002912687114, 0.000000000000000
-0.000000889103050, 0.000002896576123, 0.000000000000000
-0.000000942515920, 0.000002879463684, 0.000000000000000
-0.000000995602874, 0.000002861355548, 0.000000000000000
-0.000001048345495, 0.000002842257806, 0.000000000000000
-0.000001100725476, 0.000002822176881, 0.000000000000000
-0.000001152724624, 0.000002801119532, 0.000000000000000
-0.000001204324867, 0.000002779092849, 0.000000000000000
-0.000001255508263, 0.000002756104252, 0.000000000000000
-0.000001306256998, 0.000002732161488, 0.000000000000000
-0.000001356553401, 0.000002707272629, 0.000000000000000
-0.000001406379944, 0.000002681446072, 0.000000000000000
-0.000001455719248, 0.000002654690534, 0.000000000000000
-0.000001504554091, 0.000002627015049, 0.000000000000000
-0.000001552867414, 0.000002598428969, 0.000000000000000
-0.000001600642323, 0.000002568941956, 0.000000000000000
-0.000001647862097, 0.000002538563987, 0.000000000000000
-0.000001694510197, 0.000002507305341, 0.000000000000000
-0.000001740570262, 0.000002475176605, 0.000000000000000
-0.000001786026127, 0.000002442188668, 0.000000000000000
-0.000001830861818, 0.000002408352713, 0.000000000000000
-0.000001875061562, 0.000002373680224, 0.000000000000000
-0.000001918609793, 0.000002338182971, 0.000000000000000
-0.000001961491155, 0.000002301873016, 0.000000000000000
-0.000002003690510, 0.000002264762704, 0.000000000000000
-0.000002045192940, 0.000002226864663, 0.000000000000000
-0.000002085983754, 0.000002188191795, 0.000000000000000
-0.000002126048495, 0.000002148757279, 0.000000000000000
-0.000002165372940, 0.000002108574561, 0.000000000000000
-0.000002203943111, 0.000002067657354, 0.000000000000000
-0.000002241745275, 0.000002026019634, 0.000000000000000
-0.000002278765952, 0.000001983675631, 0.000000000000000
-0.000002314991919, 0.000001940639830, 0.000000000000000
-0.000002350410214, 0.000001896926965, 0.000000000000000
-0.000002385008142, 0.000001852552013, 0.000000000000000
-0.000002418773277, 0.000001807530191, 0.000000000000000
-0.000002451693472, 0.000001761876953, 0.000000000000000
-0.000002483756856, 0.000001715607981, 0.000000000000000
-0.000002514951847, 0.000001668739182, 0.000000000000000
-0.000002545267147, 0.000001621286686, 0.000000000000000
-0.000002574691756, 0.000001573266837, 0.000000000000000
-0.000002603214968, 0.000001524696189, 0.000000000000000
-0.000002630826379, 0.000001475591503, 0.000000000000000
-0.000002657515891, 0.000001425969738, 0.000000000000000
-0.000002683273717, 0.000001375848049, 0.000000000000000
-0.000002708090382, 0.000001325243781, 0.000000000000000
-0.000002731956727, 0.000001274174460, 0.000000000000000
-0.000002754863916, 0.000001222657793, 0.000000000000000
-0.000002776803437, 0.000001170711658, 0.000000000000000
-0.000002797767107, 0.000001118354101, 0.000000000000000
-0.000002817747072, 0.000001065603326, 0.000000000000000
-0.000002836735815, 0.000001012477696, 0.000000000000000
-0.000002854726156, 0.000000958995721, 0.000000000000000
-0.000002871711258, 0.000000905176053, 0.000000000000000
-0.000002887684627, 0.000000851037483, 0.000000000000000
-0.000002902640116, 0.000000796598931, 0.000000000000000
-0.000002916571928, 0.000000741879441, 0.000000000000000
-0.000002929474621, 0.000000686898179, 0.000000000000000
-0.000002941343105, 0.000000631674416, 0.000000000000000
-0.000002952172652, 0.000000576227535, 0.000000000000000
-0.000002961958890, 0.000000520577013, 0.000000000000000
-0.000002970697812, 0.000000464742421, 0.000000000000000
-0.000002978385777, 0.000000408743415, 0.000000000000000
-0.000002985019508, 0.000000352599730, 0.000000000000000
-0.000002990596098, 0.000000296331172, 0.000000000000000
-0.000002995113013, 0.000000239957614, 0.000000000000000
-0.000002998568086, 0.000000183498984, 0.000000000000000
-0.000003000959529, 0.000000126975266, 0.000000000000000
-0.000003002285926, 0.000000070406483, 0.000000000000000
-0.000003002546239, 0.000000013812700, 0.000000000000000
